34.6786
34.6198
34.4238
34.3552
34.4434
34.4532
34.4434
34.4532
34.4924
34.6002
34.6296
34.4728
34.8746
34.6296
34.7668
34.8746
35.1588
34.8256
34.8648
34.8942
35.002
34.9726
34.9824
35.051
35.247
35.0804
35.3254
35.2372
35.2666
35.345
35.4136
35.296
35.4724
35.5116
35.5704
35.5508
35.4528
35.5606
35.6488
35.7958
35.6782
35.8252
35.688
35.8644
36.0114
36.276
35.9232
36.1584
36.0702
36.1976
36.5504
36.2858
36.472
36.2172
36.227
36.3544
36.2172
36.3054
36.6876
36.668
36.5308
36.717
36.6288
36.7954
36.7366
36.7268
36.8248
36.7268
36.9228
36.962
37.1286
37.0992
37.2266
37.109
37.1384
37.2658
37.1874
37.3148
37.5892
37.55
37.5108
37.3932
37.6284
37.5794
37.7264
37.5304
38.0694
37.844
37.8636
37.9126
38.1478
38.0792
38.334
38.3732
38.4124
38.3928
38.4124
38.5594
38.6966
38.7848
38.824
38.8338
38.8044
38.9318
39.0102
39.0004
39.2062
39.1572
39.1376
39.3238
39.2748
39.3728
39.216
39.4218
39.5982
39.4316
39.4512
39.461
39.7648
39.7354
39.9118
40.0392
39.9412
40.1176
40.049
40.0686
40.4312
40.1274
40.2254
40.2548
40.784
40.4312
40.637
40.784
40.6468
40.8918
41.029
41.0682
40.9898
41.6366
41.4308
41.4896
41.5092
41.4014
41.6562
41.617
41.519
41.8718
41.715
41.6268
41.8228
41.764
41.9698
41.8032
41.9208
41.9502
42.4108
42.205
42.3226
42.6166
42.4794
42.401
42.3912
42.842
42.8028
42.8028
42.9106
42.8224
43.0086
42.9498
42.9302
43.038
43.4496
43.4202
43.4496
43.5084
43.7926
43.381
43.6064
43.4496
43.6162
43.8808
43.7534
44.165
44.0964
44.0572
44.0572
44.3218
44.1062
44.3316
44.263
44.4492
44.6256
44.5276
44.7628
44.6844
44.8902
44.8706
44.8902
44.8314
45.3116
45.1842
45.4292
45.341
45.3704
45.2626
45.537
45.4488
45.6644
45.4488
45.6154
45.6154
45.9682
45.8702
45.8408
45.7722
45.8702
46.1054
46.1642
47.0462
46.3994
46.4876
46.9286
46.6836
46.7032
46.8012
47.1442
47.056
46.9678
47.2716
47.3304
47.4774
47.4578
47.4872
47.3892
47.4578
47.5754
47.6636
47.9576
47.595
48.4966
48.0654
48.1144
48.0164
48.0262
48.2124
48.2908
48.2418
48.2516
48.477
48.5358
48.5848
48.7318
48.6828
48.9376
49.3296
48.9376
48.9572
49.016
49.4472
49.3786
49.114
49.31
49.3394
49.2316
49.2806
49.555
49.7804
49.8196
49.8882
49.6628
49.653
50.0744
50.29
50.3684
50.6036
50.4272
51.1132
50.8388
50.6918
50.6526
50.8094
50.8584
51.417
51.0152
51.6326
51.4562
51.9462
52.2304
51.9364
52.0246
52.2108
51.9168
52.3186
52.1716
51.9756
52.1716
52.3774
52.1814
52.4558
52.348
52.7498
53.034
52.7302
52.6714
53.6122
53.328
53.0144
53.5534
53.6906
53.3868
53.6416
53.8278
53.8376
53.867
53.965
53.867
54.21
54.0042
54.5334
54.504
54.5628
54.4648
54.5236
54.7
54.8274
55.2978
55.1214
55.1998
55.4154
55.4644
55.7584
55.631
55.6016
55.3174
55.7682
55.4742
55.68
56.0132
55.6212
55.8662
56.0034
55.8074
56.3758
56.3758
56.5424
56.6894
56.8168
56.7874
57.2578
56.8854
56.856
57.1402
57.7674
57.2382
57.2186
57.5714
58.277
57.5714
58.0222
57.591
58.1888
57.8458
57.7086
57.9928
58.9924
58.3358
58.3946
58.1594
58.0418
58.4338
58.4436
58.7964
58.6984
58.6494
58.5318
58.424
58.7376
58.7376
58.8062
58.9042
58.8748
59.061
58.963
59.2276
59.0806
59.257
58.9238
59.2766
59.0806
59.1198
58.8552
58.9728
58.914
58.6102
58.8258
58.718
58.7866
58.522
59.1002
58.5122
58.3652
58.5122
58.326
57.6694
57.5616
57.8458
57.1206
57.1696
56.807
56.8364
56.513
56.9442
56.317
56.1896
56.0132
55.827
55.8858
56.0916
55.7584
55.5428
55.5428
55.8368
56.1504
55.7192
55.8368
55.7682
55.6702
56.0622
56.3856
56.0034
56.1112
55.9544
56.0426
56.0524
55.9936
56.0426
56.219
56.1406
56.5228
56.268
56.709
56.3562
56.0818
56.3072
56.2288
56.0426
55.7388
56.023
56.023
56.1504
56.0426
55.8564
56.2386
56.5522
56.317
56.3856
56.9148
56.2778
56.7874
56.8462
56.366
56.6992
56.4738
56.6894
56.758
56.9246
56.856
56.8266
57.003
57.0618
57.3068
57.1892
57.2578
57.2578
57.3558
58.0026
57.6302
57.591
57.7674
57.6596
57.7674
57.9046
58.1104
58.1006
58.2574
58.4926
58.5122
58.718
58.816
58.865
58.9826
58.963
58.8846
58.7474
59.0022
59.5118
59.3942
59.257
59.8352
59.7862
59.208
59.0904
60.2272
60.0018
59.1786
59.1786
59.3158
59.0512
58.7376
58.424
58.7082
58.8062
58.9826
58.8356
58.7866
58.62
58.8356
58.5906
58.7866
59.0022
58.963
58.718
58.7768
58.767
59.061
58.8454
59.0904
58.9728
58.865
59.2178
59.2178
59.159
59.0022
59.1786
58.8258
58.9728
59.2864
59.2864
58.8846
59.0022
58.9434
58.9924
58.8356
59.0218
59.159
59.1884
59.2276
59.0904
58.8552
59.3158
59.1002
59.1982
59.2864
59.3648
59.3256
59.5314
59.5804
59.5216
59.1002
59.6294
59.9626
59.502
59.4922
59.5412
59.3354
59.3844
59.3354
59.4138
59.502
59.4922
59.6588
59.8842
59.8548
59.6882
59.7862
59.7862
59.7862
59.551
59.7274
60.0704
59.8156
59.992
59.8254
59.9724
59.9038
59.8352
59.8842
59.943
60.1096
60.09
59.943
59.7078
59.9136
59.9724
59.7862
60.5016
60.1586
60.1292
60.1194
60.2174
60.0214
59.6588
59.845
59.796
60.139
59.9626
59.9822
59.7274
60.0312
59.845
59.8352
60.1096
60.9034
60.1488
59.5608
59.8842
59.943
60.286
59.9038
59.6784
59.6784
59.796
59.6588
60.1096
59.8842
59.7176
59.747
59.7666
60.0214
60.0998
60.1194
59.7274
59.845
59.5314
59.6588
60.2272
60.1978
60.0606
60.335
60.4134
60.5212
60.3056
60.3546
60.6486
60.0802
61.2758
61.0014
60.629
61.0602
60.384
60.6486
60.433
60.776
60.1194
60.6878
61.1974
60.3056
60.1586
60.6584
60.3938
60.58
60.7858
60.8642
60.776
60.6878
60.9034
60.6094
61.0504
61.0308
60.7368
61.0014
61.0602
60.972
61.1876
61.4424
61.2856
61.021
61.3738
61.7658
61.5796
61.3934
61.5404
61.4816
61.6286
61.4228
61.5306
61.3934
61.4914
61.3444
61.7266
61.3934
61.6286
61.364
61.4424
61.3836
61.3934
61.5894
62.197
62.2166
61.8344
61.658
61.756
62.3538
62.0696
62.099
62.5008
62.6674
62.1186
61.903
62.6674
62.4812
62.2754
62.5106
62.5302
62.6478
62.7556
62.6674
62.5106
62.6282
63.1574
62.344
62.7066
62.834
62.6674
63.177
62.9026
62.5302
62.7948
62.8242
62.9026
63.1084
63.0986
62.7948
62.981
63.0006
63.0104
63.2946
63.1378
63.2946
62.8928
63.128
63.275
63.1378
63.569
63.6376
63.3534
63.3436
63.3338
63.6866
63.52
63.4514
63.569
63.4318
63.5396
63.5102
63.6866
63.8336
63.5886
63.8042
63.6964
63.4416
64.0002
63.961
64.0492
63.912
63.7944
64.2746
64.0394
64.0982
64.4706
64.1962
64.3922
64.8822
64.2844
64.1374
63.9904
63.9806
64.1472
64.3824
64.3628
64.3334
64.1668
64.353
64.255
64.5882
64.5882
64.4608
64.5686
64.4608
64.451
64.5784
65.039
64.7548
64.8234
65.1566
64.843
64.745
64.8724
64.9802
64.8136
65.4898
64.8626
65.9014
65.725
65.3134
65.3624
65.5682
65.6564
65.6858
65.7446
65.4702
65.7838
65.97
65.8034
66.0092
66.117
66.019
66.2738
66.558
66.411
67.3616
66.7442
67.1166
67.3714
67.4498
67.8026
67.6066
67.3812
67.1656
67.391
67.2636
67.5086
67.6458
67.7144
67.881
67.9398
68.0182
67.8908
67.8614
67.93
68.371
68.077
68.0182
68.2436
68.2338
68.5082
68.4102
68.7238
68.42
68.6258
68.6062
68.5964
68.4494
68.9394
68.5278
68.4396
68.4298
68.714
68.7336
68.6356
68.7042
68.8316
68.8414
68.8414
69.351
70.2232
69.939
70.037
70.2134
69.7038
69.1746
69.5666
69.6744
69.596
69.4588
69.5568
69.6646
69.9586
69.841
69.6744
70.0174
69.9488
69.6352
69.8802
70.5172
70.2722
70.331
70.5074
70.5074
70.6642
70.5466
70.8994
70.8602
70.8112
70.8014
70.5564
70.7622
71.2326
71.0072
71.2032
71.311
71.0758
71.2914
71.5952
71.6638
71.703
71.7618
72.5164
71.8402
72.2616
72.193
72.291
72.879
72.4282
72.6634
72.5262
72.7026
72.4674
73.124
72.9574
73.1632
73.761
73.271
73.2808
73.2024
74.055
73.3592
73.1926
73.1142
73.3102
73.9766
73.2612
73.7022
73.0554
73.222
73.124
73.6434
73.6042
73.8982
73.9178
73.614
74.2804
73.8982
73.4964
73.6728
73.9668
73.8198
74.6332
73.9766
74.0158
74.4078
74.398
76.0444
74.6234
74.4176
74.1334
73.8884
75.035
74.2706
74.5058
74.4078
74.5548
74.7018
74.1726
74.349
74.5548
74.6038
74.7802
74.1432
74.3392
74.251
74.153
74.4176
74.0746
73.9962
73.9374
74.3392
73.8688
74.4862
73.7414
73.5258
73.9178
73.7022
74.447
73.6042
74.8586
73.8982
74.545
73.8688
73.7904
74.3294
74.3294
73.9374
74.1726
73.9864
74.6528
73.8198
74.6234
74.3686
74.6528
74.3392
73.7022
74.5352
74.447
74.9174
74.1922
74.545
74.3882
73.908
73.5258
74.2902
73.6826
73.9962
75.0644
74.888
73.6826
74.2902
73.761
74.3882
74.3098
74.447
74.4078
74.2902
74.006
73.957
73.9178
73.9374
73.9766
74.1824
74.2706
74.3
74.055
74.0746
74.7802
74.2902
74.3392
74.2706
74.1824
74.3882
74.3294
74.6822
74.5352
74.4274
74.0844
74.447
74.153
74.398
74.1726
74.0746
74.1628
74.3882
74.3882
74.2118
75.5446
74.4078
74.4372
74.6724
74.6038
74.6038
74.643
74.447
74.4666
74.4666
74.7018
74.5254
75.0546
74.3588
74.5352
74.4274
75.3976
74.4176
74.7018
74.9762
74.8194
74.888
74.741
74.9762
74.7606
74.8096
75.3682
74.937
75.0742
75.623
75.1624
75.0938
75.9562
75.7602
75.7406
76.3874
76.1718
76.0346
75.9268
76.0934
76.6716
77.3674
77.6026
77.5144
76.9656
76.8774
77.2008
77.4164
77.632
77.289
77.7496
77.5438
77.5242
77.9162
76.9362
77.0244
77.4262
77.3086
77.2204
77.1812
77.8574
77.534
77.4654
78.0142
78.0338
78.3278
78.2494
78.4748
79.004
78.0632
78.171
78.073
77.7398
78.0926
77.7594
77.8378
78.1906
78.2788
78.2494
78.3866
78.4944
78.0534
78.1318
78.9354
78.416
78.8962
78.9452
79.151
79.1804
79.3274
78.857
78.9942
79.2686
79.1118
79.543
78.661
79.69
79.543
79.6606
79.7194
79.935
79.8566
80.2878
80.5034
80.9934
81.3658
80.9248
80.9542
81.2482
81.7578
81.6206
81.993
82.4242
81.9832
82.6986
82.189
82.4046
81.7774
82.924
82.6986
83.3258
83.8256
83.2768
83.4238
83.463
83.4924
83.4434
83.7766
83.6884
86.0502
84.0412
84.1392
84.4332
84.4038
86.9518
84.541
85.0506
84.8742
86.0992
85.57
85.8836
85.2466
86.305
85.7954
87.2066
86.3638
86.4128
86.4422
86.9126
86.4422
86.4226
86.2854
87.0596
87.2654
87.1674
87.3732
87.5006
87.677
88.0298
88.755
88.853
89.0098
88.8334
89.2842
89.1274
89.7742
89.8526
89.49
89.7546
89.9114
90.3622
90.225
90.2838
90.421
90.2446
90.3622
90.8914
90.8816
90.6758
90.9404
91.205
91.1462
90.911
91.6068
91.7146
91.8224
92.5378
92.381
93.2042
92.7632
93.0082
93.0082
93.3414
93.4786
94.0764
93.3022
93.6256
93.3218
93.8706
94.2038
93.9882
94.3802
94.6448
94.537
94.6448
94.4194
95.0074
95.6934
94.9094
95.125
95.8894
95.8502
96.203
95.9972
95.9286
96.5362
96.3402
96.4578
96.5166
96.6146
96.4578
96.8106
96.4578
96.9674
97.4966
97.6142
97.1438
97.6338
98.4962
98.3198
98.7902
98.3198
98.849
98.4374
98.8882
98.8294
99.0058
99.0842
99.7506
99.1332
99.0254
99.8094
99.633
100.045
100.025
100.084
100.309
100.241
101.025
101.485
101.573
101.338
101.73
101.926
101.828
101.965
102.299
102.024
102.338
102.455
102.593
103.494
102.896
103.729
103.622
103.533
103.749
103.494
103.573
103.533
103.867
104.063
104.082
104.69
104.376
103.984
104.259
104.729
104.964
104.611
104.474
104.709
104.807
105.258
105.376
105.454
105.65
106.121
105.905
106.101
106.924
107.257
106.571
106.963
106.807
107.326
108.237
107.747
108.571
108.237
108.825
109.061
109.1
108.865
108.747
109.237
108.865
109.021
108.708
109.374
109.707
109.1
109.786
110.178
110.668
110.707
111.628
111.667
111.334
111.432
111.119
112.765
112.804
112.334
112.824
112.373
113
113.186
113.451
113.196
113.647
113.647
114.372
114
114.039
114.392
114.49
114.607
114.745
114.764
115.705
115.587
115.666
115.979
116.038
116.352
116.783
117.097
116.371
116.783
116.567
117.038
117.253
117.351
118.645
119.939
118.959
118.998
119.88
118.919
121.487
119.939
120.037
119.449
119.39
121.761
121.742
121.703
121.742
121.82
121.859
121.84
121.899
121.938
121.977
121.957
121.997
121.918
121.899
121.957
122.016
122.016
122.095
122.134
122.114
122.114
122.114
122.114
121.997
122.114
122.114
122.114
122.134
122.134
122.134
122.134
122.134
122.134
122.134
122.134
122.134
122.134
122.134
122.134
122.134
122.134
122.134
122.134
122.134
122.153
122.134
122.153
122.153
122.153
122.153
122.153
122.153
122.153
122.153
122.153
122.153
122.153
122.153
122.153
122.153
122.153
122.153
122.153
122.153
122.153
122.153
122.153
122.153
122.153
122.153
122.153
122.153
122.153
122.153
122.153
122.153
122.153
122.153
122.153
122.153
122.153
122.153
122.153
122.153
122.153
122.153
122.153
122.153
122.153
122.153
122.153
122.153
122.153
22.5854
22.5168
122.153
22.4972
22.4384
22.4678
22.4384
22.4188
122.153
22.3698
22.3208
22.3306
22.2816
22.3012
22.262
122.153
22.2522
22.262
22.2424
22.262
22.311
22.262
22.262
22.213
122.153
22.2522
22.2424
22.2816
122.153
22.2816
122.153
22.3012
122.153
22.2522
122.153
122.153
22.1934
122.153
22.1934
22.1836
22.213
22.164
22.1836
22.164
22.164
22.1052
22.1444
22.1052
22.066
22.0562
22.1052
22.0954
22.0758
122.153
22.0464
22.066
22.0856
22.017
22.0268
22.0072
22.0562
21.9974
22.0562
22.0758
22.0562
22.0464
22.066
21.9974
21.9876
21.9288
21.968
22.0072
21.9974
22.0072
21.9974
122.153
21.9974
21.9386
21.9582
21.9778
21.9778
21.9288
21.9386
21.9778
22.0072
122.153
22.017
21.9876
21.8308
21.8308
21.772
21.8112
21.8014
21.8112
21.821
21.87
21.8896
21.9288
21.919
21.9386
21.9288
21.9876
21.968
22.0072
21.9778
21.8896
21.87
21.9092
21.87
21.8994
21.9092
122.153
21.919
21.9582
21.9974
22.017
22.1248
22.1346
22.1836
22.1248
22.0856
22.0562
22.1052
122.153
22.1248
122.153
22.1836
22.2032
22.213
22.1836
122.153
22.262
22.2326
22.262
22.2424
22.2522
22.2522
22.2914
22.2914
22.3306
22.3306
22.2718
22.262
22.2914
22.3404
22.3306
22.2914
22.3012
22.3012
22.3502
22.3698
22.4188
22.4286
22.458
22.4776
22.4286
22.4384
22.507
22.4776
22.5168
22.4972
22.5168
22.4776
22.5266
22.507
22.5364
22.5168
22.5364
22.5266
22.4482
22.3698
22.4286
22.4482
22.507
22.5168
22.5756
22.5756
122.153
22.5756
22.5756
22.6344
22.605
22.6148
22.6148
22.654
22.654
22.6736
22.6736
22.6344
22.6148
22.6344
22.654
22.7226
22.7226
22.7422
22.6932
22.7128
22.7128
22.7422
22.7324
22.6932
22.7324
22.6834
22.6736
22.6736
22.6638
22.5952
22.5854
22.5462
22.5952
22.4678
22.507
22.5364
22.5462
22.4972
22.458
22.3992
122.153
22.4776
22.4286
22.36
22.3502
22.3698
22.3698
22.4776
22.4678
22.4776
22.4384
22.4776
22.4972
22.5462
22.5658
22.5854
22.6148
22.605
22.605
22.5854
22.6638
22.6442
22.654
22.6344
22.654
22.6834
22.7324
22.6932
22.752
22.7716
22.7618
22.7128
22.7324
22.7128
22.752
22.703
22.7324
22.6834
22.7324
22.7422
22.7912
22.8304
22.801
22.801
22.752
22.7324
22.7814
22.7716
22.801
22.801
22.7912
22.7912
22.7618
22.7422
22.7716
22.7324
22.7324
22.7128
22.7618
22.8108
22.8304
22.7324
122.153
22.7226
22.7324
22.7422
22.7226
22.7618
22.703
122.153
22.7128
22.703
22.654
22.6834
22.6736
22.6246
22.6344
22.5266
22.4972
22.458
22.4874
22.4776
122.153
22.5952
22.6932
122.153
22.7716
122.153
22.8108
22.7912
22.7716
22.8304
22.7912
22.7716
22.8206
22.752
22.6932
22.6736
22.7324
22.6638
122.153
122.153
22.6736
22.6736
22.703
22.6736
122.153
22.654
22.5364
22.5756
22.6638
22.7618
22.801
22.7912
22.7422
22.7716
22.6834
122.153
22.6834
22.6148
22.5952
22.5658
22.5364
22.4874
22.4972
22.556
22.5462
22.5658
22.5854
22.556
22.5658
22.5854
22.6246
22.5462
22.6148
22.5658
22.5168
22.458
22.4678
22.5266
22.5168
22.5364
22.5364
22.6148
22.6834
22.7716
22.7716
22.7324
122.153
22.7618
22.7128
22.703
22.6246
22.654
22.7324
122.153
22.7618
22.8108
22.8108
22.8794
22.9382
122.153
22.8892
22.8892
122.153
22.85
22.899
22.9088
22.8892
122.153
22.9088
22.8206
22.85
122.153
22.85
22.8696
122.153
22.8402
22.7912
22.7128
22.7912
22.7912
22.7422
22.8108
22.9088
22.8402
22.8598
22.801
22.752
22.801
22.8598
22.9284
22.9284
22.899
22.8892
22.8892
22.9284
22.8892
22.9088
22.9088
22.9872
22.9774
22.9872
22.997
22.9872
22.997
22.997
122.153
22.997
23.0166
22.9284
22.8892
22.9284
22.9676
22.997
22.9578
22.948
122.153
22.9774
23.0068
122.153
23.0068
22.9676
23.0068
23.0166
23.0264
22.9872
23.0264
23.0264
23.0754
23.046
22.9382
22.85
22.899
22.8696
22.948
22.9088
23.095
23.0068
23.0166
23.0362
23.0656
23.0558
23.095
23.0656
23.0068
22.9774
23.046
23.0264
23.0362
22.948
22.9578
122.153
22.8892
22.948
22.9578
22.9284
22.9872
23.0068
23.0166
23.0558
23.0362
23.095
23.0656
23.1146
23.0754
23.046
23.0558
22.997
22.9186
122.153
22.9186
22.948
22.9186
22.9676
22.9872
23.0362
22.8696
22.8108
22.8206
22.85
22.8892
22.9088
22.9284
22.948
22.8892
22.9088
22.9186
122.153
22.9088
22.8892
22.899
22.9088
122.153
22.9284
22.9774
22.8892
22.9088
22.9284
22.9382
22.948
22.9774
22.9676
22.9872
22.997
23.0754
23.046
23.0558
23.0362
23.0754
23.046
23.0656
23.046
22.9872
22.9284
122.153
22.948
22.9676
22.9676
122.153
23.0068
23.0166
22.997
23.0362
23.0068
23.0166
23.0264
23.046
122.153
22.9872
23.0068
22.9872
23.0264
23.0068
122.153
22.9186
122.153
22.9578
122.153
22.9578
22.9284
22.8794
22.9088
22.85
22.948
22.899
22.9676
22.9578
22.9872
22.9676
23.0068
22.9676
22.997
22.9676
22.9676
22.8892
22.8696
22.8892
22.8794
22.8794
22.85
122.153
22.8206
22.85
22.8304
22.8892
22.9088
22.9088
22.9284
22.8598
22.8598
22.8402
22.7716
22.801
22.7618
22.7716
22.7716
22.801
22.7912
22.85
22.8402
22.8304
22.801
122.153
22.801
22.8402
22.85
22.8402
22.8206
22.7324
22.7422
22.7226
22.7618
122.153
22.7716
122.153
22.7912
22.7912
22.8108
22.7618
22.752
122.153
22.7422
22.752
22.703
22.6442
22.605
22.605
122.153
22.605
22.6344
22.6148
22.6736
22.654
22.7128
22.6736
22.6442
122.153
22.6638
22.6638
22.654
22.6344
22.6638
22.6736
22.5952
22.556
22.5462
22.5756
22.5952
22.5854
22.6246
22.5364
22.5168
22.507
22.507
22.4776
22.556
22.5364
122.153
22.5756
22.6344
122.153
22.5952
22.5854
22.5854
22.5462
122.153
22.5266
22.5266
22.4384
22.4286
22.3992
22.409
22.4384
22.4776
22.4972
22.5266
22.5266
22.4972
22.4384
22.3698
22.3698
22.3502
22.3894
22.3992
22.3796
122.153
22.4188
22.3796
22.409
22.3992
22.3992
22.262
22.2816
22.2914
22.2914
22.2816
22.3208
22.2228
22.2522
22.262
22.3012
22.262
122.153
22.262
22.262
22.2718
22.2718
22.2718
22.2032
22.1934
22.2228
22.2424
22.2718
22.2522
22.2522
22.164
22.1444
22.0562
22.1052
22.1052
22.1738
22.1738
22.2032
22.2032
22.2326
22.2522
22.2718
22.2718
22.3208
22.2816
22.3404
22.3208
22.3404
22.311
22.3208
22.2718
22.3012
122.153
22.2718
22.3012
122.153
22.2816
22.3208
22.3012
22.311
22.3012
22.311
22.3208
22.3012
22.2914
22.3306
22.2816
22.311
22.3208
22.2522
22.213
22.2326
22.2424
22.2424
22.2522
22.3012
22.2816
22.3012
22.3012
22.3404
22.3306
22.2816
22.2816
22.311
22.3012
22.3208
122.153
22.3208
22.3306
22.3012
22.3208
22.3306
22.3404
22.3306
22.36
22.3306
22.3502
22.3208
22.3698
22.311
22.3306
22.311
22.3306
22.3208
22.3404
22.3404
22.3208
22.311
22.2914
22.2914
22.262
122.153
22.2816
22.2424
122.153
22.262
122.153
22.2032
22.2032
22.164
22.1738
22.0856
22.0856
122.153
22.066
22.017
21.9876
122.153
21.968
21.9484
21.8896
122.153
21.8504
21.821
21.8504
122.153
21.87
21.8406
21.8112
21.8112
21.7328
21.7328
21.7916
21.8112
21.8112
21.8014
21.7916
21.7524
21.772
21.7524
21.7426
21.7132
21.7426
21.7034
21.7132
21.674
21.625
21.5956
21.6348
21.6446
21.6348
21.6152
21.6054
21.6054
21.674
21.6152
21.6348
21.6054
21.625
21.625
21.6446
21.625
21.6348
21.6348
21.5858
122.153
21.5466
21.5466
21.478
21.478
21.4388
21.4584
21.4192
21.429
21.3898
21.4094
21.3898
21.3996
21.3702
122.153
21.4192
21.4388
122.153
21.478
21.478
21.5074
21.4976
21.5172
21.5466
21.5466
21.576
21.576
21.6054
21.6152
21.6446
21.6348
21.7034
21.6838
21.6838
21.6544
21.6936
21.674
122.153
21.7132
21.7426
21.723
21.7818
21.7524
21.7622
21.772
21.7818
21.772
21.8014
21.7818
21.8014
21.7818
21.7916
21.7818
21.8014
21.7916
21.8112
21.7916
21.8112
21.7818
21.7622
21.7524
21.7524
21.7328
21.7034
21.7132
21.7328
21.7034
122.153
21.7328
122.153
21.723
122.153
21.7034
21.7132
21.6838
21.7132
21.674
122.153
122.153
21.4682
21.4388
21.4094
122.153
21.38
21.4094
21.4192
21.4094
122.153
122.153
21.429
21.4878
122.153
21.5368
21.5466
21.5368
21.5662
122.153
21.5662
21.576
21.5662
122.153
21.576
122.153
21.5858
21.6054
21.5956
21.5662
122.153
21.5956
21.5956
122.153
21.5956
21.5858
21.5662
21.5466
21.5368
21.5956
21.6054
122.153
21.5172
122.153
21.5172
122.153
21.5564
21.5564
122.153
122.153
21.478
21.4388
122.153
21.4486
21.4192
21.3996
21.3898
21.3898
21.3996
21.3604
21.331
21.3016
21.3016
21.3212
21.3212
122.153
21.3408
21.3016
21.282
21.2722
21.2624
21.233
21.2232
21.2232
21.2134
21.184
21.1742
21.1644
122.153
122.153
21.1154
122.153
122.153
21.086
21.086
21.135
21.1252
21.1056
21.1252
21.1448
21.135
122.153
122.153
21.086
21.1056
21.1644
21.3016
21.38
21.4976
21.6054
21.6642
21.723
122.153
122.153
21.8308
21.8504
21.87
21.9974
22.0072
22.0464
122.153
122.153
22.262
122.153
22.3502
22.3894
122.153
22.4286
122.153
22.4874
22.4776
22.507
22.5168
22.5364
22.556
22.5658
22.5952
22.605
22.5756
22.5756
22.5854
22.605
22.6246
22.6344
22.6736
22.6638
122.153
122.153
22.7422
122.153
22.7226
22.703
22.7128
22.7128
22.7324
22.7422
22.7324
22.752
122.153
122.153
122.153
22.7716
122.153
22.7912
22.7814
122.153
22.801
22.8206
22.8304
22.8304
22.8598
22.8598
122.153
22.85
22.85
22.85
22.8402
22.8402
122.153
22.8304
22.8402
22.85
122.153
22.8402
22.85
22.8304
122.153
22.8108
22.7912
22.7814
22.7716
22.752
22.752
22.752
22.7716
22.7716
22.7814
22.7814
122.153
122.153
22.7618
22.7716
22.7618
22.7422
22.7814
22.7912
22.7912
22.7912
22.7912
22.8108
22.801
22.8108
22.8304
122.153
22.85
22.8696
22.8696
22.8598
22.8304
22.8108
22.7912
22.7814
22.7814
22.7814
22.7912
122.153
22.7716
22.7716
22.752
22.7422
122.153
22.752
22.752
22.7716
22.752
22.7618
22.752
22.7716
22.7716
22.7618
22.7814
22.7716
22.7618
22.7716
22.7618
22.7716
22.7618
22.7324
22.7324
22.7128
22.7128
22.703
22.6932
22.7128
22.7128
22.703
22.7128
22.7128
22.7128
22.7324
22.7226
22.7324
22.7324
122.153
22.7324
22.7422
22.7324
22.7422
22.752
22.7618
22.752
22.752
122.153
22.7324
22.7128
22.7324
22.7128
22.7226
22.7128
22.7226
22.7128
22.7324
22.7226
22.7128
22.7226
22.7324
22.7128
122.153
22.703
22.6932
22.6638
22.6638
22.654
22.6638
122.153
22.654
22.6442
122.153
22.654
22.654
22.6736
22.6736
22.6736
22.6834
22.6736
22.6834
22.6834
122.153
22.6736
22.654
22.654
22.654
22.6442
22.654
22.654
22.6442
22.6638
22.654
22.6638
22.6442
22.6442
22.6344
22.6344
22.6148
22.6344
22.6344
22.6344
122.153
22.6344
22.6344
22.6148
22.6246
122.153
22.6148
22.6148
22.6148
22.605
22.5952
22.5854
122.153
22.5952
122.153
122.153
122.153
122.153
22.5952
22.5952
122.153
122.153
22.5756
22.5854
22.5756
22.5952
22.5854
22.5952
122.153
22.5854
22.5756
22.5756
22.5756
22.5756
122.153
22.5756
22.5756
22.556
22.556
22.556
22.556
22.556
122.153
122.153
22.5462
22.5364
122.153
22.5364
122.153
22.556
22.556
22.5658
122.153
22.5658
22.556
22.556
22.5462
22.5462
22.5462
22.5266
22.4776
22.4874
22.4874
22.4972
22.4972
122.153
122.153
22.4678
22.458
22.458
122.153
122.153
22.4678
22.4776
22.4678
22.4776
22.4776
22.4776
122.153
22.4776
22.4678
122.153
22.4776
22.4678
22.4678
22.4776
22.458
22.458
22.4776
22.458
122.153
22.4482
22.458
22.458
22.4384
22.4384
122.153
22.4384
22.4384
22.4384
22.4384
22.4286
22.4384
22.4384
22.4286
22.4188
22.4384
22.4384
22.4286
22.4286
22.4384
22.4286
22.4286
22.4286
22.4286
22.3992
22.409
122.153
22.409
22.409
122.153
22.3992
22.3796
22.3796
22.3698
22.3698
122.153
22.3502
22.36
22.3502
22.36
22.36
22.3502
22.3698
22.36
22.3404
22.3404
122.153
122.153
122.153
22.3208
22.3306
122.153
22.3208
22.3208
22.3306
122.153
22.3208
22.3208
122.153
122.153
122.153
22.311
22.3012
22.2816
22.2816
22.262
22.2522
22.2228
122.153
122.153
22.2228
122.153
22.2522
22.262
122.153
22.2522
22.2424
22.2424
22.2326
22.2326
22.213
22.213
122.153
22.2032
122.153
22.2032
22.2228
22.213
22.213
22.2032
22.1934
22.1836
122.153
22.2032
22.1836
22.1934
22.1934
122.153
22.2032
22.1836
22.1934
22.1836
22.2032
22.1934
22.1934
22.1836
22.1738
22.1738
22.164
22.164
122.153
22.1444
122.153
22.1346
22.1444
22.1346
22.1248
22.1248
122.153
22.1248
22.115
22.1052
22.1052
22.0856
22.0954
122.153
22.0758
122.153
22.0758
22.066
122.153
22.066
22.0464
122.153
22.0366
22.0366
22.0268
22.0464
22.0464
22.0464
22.0268
22.0366
22.017
22.0268
22.0072
122.153
22.0072
21.9876
21.9876
21.9876
21.9778
21.9876
122.153
21.9778
122.153
21.9876
21.9876
21.968
21.968
122.153
21.9484
21.9484
21.9484
21.9582
122.153
21.9484
21.9484
21.9484
122.153
21.9484
122.153
21.9288
21.9386
21.9386
122.153
21.9288
21.9288
21.9288
21.9092
21.9092
21.919
21.9092
21.9092
21.9092
122.153
122.153
122.153
21.8994
21.9092
21.8994
122.153
21.8994
122.153
21.8896
122.153
21.8896
122.153
21.8994
122.153
21.8896
21.8994
21.8896
21.8798
21.87
122.153
122.153
21.8602
122.153
21.87
21.8504
21.8504
21.8504
21.8308
21.8406
21.821
21.8308
21.8112
21.821
21.8112
21.8112
21.8112
21.8112
21.8112
21.8014
21.8112
21.8112
122.153
21.8112
21.8112
21.8112
21.8112
122.153
122.153
21.8112
122.153
21.8014
21.7916
122.153
21.7818
21.772
21.7818
21.772
21.7916
122.153
21.7818
21.7818
122.153
21.772
21.7524
21.7524
122.153
21.7328
122.153
21.7426
21.7426
21.7328
21.7328
21.7524
21.7328
21.7328
21.7328
21.6936
21.6936
122.153
21.6936
21.6936
21.6642
122.153
21.6544
122.153
21.6544
21.6446
21.6544
21.6544
21.6544
122.153
21.6446
122.153
21.6544
21.625
21.625
21.5858
21.5956
21.5956
21.576
21.576
122.153
21.576
21.5662
21.5564
21.5564
21.527
21.5172
21.527
21.527
21.5074
122.153
21.4976
21.4878
21.478
21.4878
21.478
21.478
21.4584
21.4584
21.4584
21.4388
21.4388
21.429
21.429
122.153
21.4192
21.4192
21.3996
21.3996
21.3898
21.3898
21.38
21.3898
122.153
21.3604
21.3604
122.153
21.3408
122.153
122.153
122.153
21.331
21.3212
21.3114
21.3212
21.3114
122.153
21.2918
122.153
21.3016
122.153
21.3016
21.282
21.2918
21.282
21.282
21.2624
21.2624
21.2624
21.2624
21.2526
21.2428
122.153
21.233
122.153
21.2232
21.233
21.2232
122.153
21.1938
21.2036
21.1938
122.153
21.1938
21.1938
21.184
21.184
21.1742
21.184
21.184
21.1644
21.1644
21.1644
21.1546
21.1644
122.153
21.1546
122.153
21.1448
21.1252
21.1252
21.1252
21.1252
21.1252
21.1252
21.1056
122.153
21.086
122.153
21.0958
21.086
21.086
21.0762
122.153
21.0664
21.0566
21.0566
122.153
21.0664
122.153
21.0468
21.0566
21.0468
21.0468
21.0468
21.0468
21.0272
21.0272
21.037
21.0272
21.0174
21.0174
21.0272
122.153
21.0174
20.9978
20.9978
21.0076
122.153
20.988
20.988
20.988
20.9684
20.9684
20.9684
122.153
122.153
20.9684
20.9488
20.9586
20.9488
20.939
20.9488
20.9488
20.9488
20.939
122.153
20.9292
20.9292
20.9194
20.9096
20.9194
20.9096
20.9194
20.9096
20.8998
20.89
20.89
20.89
20.8606
20.8802
20.8802
20.8704
122.153
20.8704
20.8606
20.8704
20.8704
20.8606
122.153
20.8312
20.841
20.8312
20.8312
20.8312
20.8312
20.8116
20.8214
20.8214
20.8214
20.8214
20.8116
20.8214
20.8116
20.8018
20.8116
122.153
20.8018
122.153
20.7724
20.7822
20.7724
20.7626
122.153
20.7626
122.153
20.7724
122.153
20.7626
122.153
20.7626
20.7724
20.7528
20.7528
122.153
20.7528
20.7528
122.153
20.743
20.743
20.743
20.7332
20.7332
20.7528
122.153
20.7332
20.7136
20.7136
20.7136
20.7136
20.694
122.153
20.694
20.7136
20.7038
20.694
20.7038
20.694
122.153
20.6842
20.6744
20.6842
20.6744
20.6842
20.6744
20.6548
20.6646
20.6646
20.6352
20.645
20.6548
20.6548
20.645
20.6548
20.645
20.6352
20.6254
20.6254
20.6156
20.6058
20.6156
20.596
20.596
20.596
20.6156
20.6058
20.596
20.596
20.5862
20.5862
20.596
20.596
20.596
20.5862
20.5764
20.5764
20.596
20.5862
20.5764
20.5764
20.5764
20.5764
20.5764
20.5568
122.153
20.5666
20.5568
20.5568
20.547
20.5568
20.5568
20.547
20.5372
20.5274
20.5372
20.5274
20.5176
20.5274
20.5176
20.5274
20.5176
20.5078
122.153
20.5078
20.498
20.498
20.498
20.498
20.4784
20.4882
20.4784
20.4686
122.153
20.4686
122.153
20.4588
20.4588
20.4588
20.4588
20.449
20.4392
122.153
20.449
20.449
20.4392
20.449
20.4392
20.4392
20.4392
20.4392
20.449
20.4294
20.4196
20.4196
20.4098
122.153
20.4098
122.153
20.4
20.3804
122.153
20.3902
20.3804
122.153
20.3706
20.3608
20.3608
20.3706
20.3608
122.153
20.3608
20.3608
122.153
20.3706
20.3608
20.3706
20.351
20.3412
20.3412
20.3412
20.3412
20.3314
20.3314
20.3216
20.3314
20.3118
20.302
20.302
20.302
20.302
20.302
20.302
20.302
20.2922
20.2824
20.2922
20.302
20.302
20.302
20.2922
20.302
20.2922
20.302
20.302
122.153
122.153
20.2726
20.2432
20.2432
20.2432
20.2432
122.153
20.2432
122.153
20.2334
122.153
20.2236
20.2236
122.153
122.153
122.153
20.2236
20.2236
20.2236
20.2236
20.204
20.1844
20.1942
122.153
20.1844
20.1648
122.153
20.1746
20.1648
122.153
20.1746
20.1648
20.1648
20.155
20.1648
20.155
122.153
20.155
20.155
20.1452
20.155
20.1452
122.153
20.1452
20.1354
20.155
20.1256
20.1452
20.1354
20.1452
122.153
20.1256
20.1256
20.106
20.1158
20.106
20.0864
20.106
20.0962
20.106
20.0962
20.0864
20.0864
20.0864
20.0766
20.0766
20.0668
20.0766
20.0766
20.0766
20.0766
20.0766
20.0864
20.0668
20.0668
20.0668
20.0668
20.0276
20.0472
20.0178
122.153
122.153
122.153
20.0374
20.0276
20.0276
20.0276
20.008
20.0178
20.008
19.9884
19.9884
19.9982
19.9982
122.153
19.9884
122.153
19.9884
122.153
19.9884
19.9884
19.9884
19.9884
19.9884
19.9884
19.9884
19.9884
19.9884
19.9884
19.9884
19.9786
19.9786
19.9786
19.9688
19.9786
19.9688
19.9688
19.9688
19.9492
19.959
19.959
19.959
19.9492
19.9394
19.9492
19.9394
19.9394
19.9394
19.9296
19.9296
19.91
19.91
19.9198
19.91
19.9296
19.91
19.91
19.9002
19.91
19.91
19.9002
19.8904
19.91
19.8904
19.8904
19.8708
19.8806
19.8806
19.8708
19.8806
122.153
19.861
122.153
19.8708
19.861
19.861
19.861
19.8512
19.8512
19.8316
19.8316
19.8316
19.8218
19.8316
19.8218
19.812
19.812
19.812
19.8022
19.7924
19.8022
19.8022
122.153
122.153
19.7924
19.7924
19.8022
19.8022
19.7826
122.153
19.7826
19.7532
19.7532
19.763
19.7728
19.7728
19.763
19.7728
19.7728
19.7728
19.763
19.7532
122.153
122.153
19.7532
19.763
122.153
19.7728
19.7532
19.7728
122.153
19.7532
19.7532
122.153
19.7728
19.7532
122.153
19.7434
19.7336
19.7336
19.7238
19.714
19.7238
19.7238
19.714
122.153
19.714
19.7336
19.7238
19.714
19.7238
19.7238
122.153
19.7238
122.153
19.7238
19.7238
122.153
122.153
19.7238
19.714
19.7238
19.714
19.714
19.7042
122.153
122.153
19.7336
19.7238
19.7336
19.714
19.714
19.6748
19.665
19.6552
122.153
19.665
19.6748
19.6846
19.6944
19.6944
122.153
19.6944
19.7042
19.714
19.6944
19.7042
19.714
19.7042
19.714
122.153
19.714
122.153
19.714
122.153
19.7042
19.7042
19.6944
19.6944
19.6748
19.6846
19.6748
19.6748
19.6846
19.6748
122.153
19.6748
19.665
19.6846
19.6846
122.153
19.6846
122.153
19.6846
19.6748
122.153
19.6748
19.6748
19.6846
19.6748
19.665
19.6748
19.6748
122.153
19.6846
19.6748
19.665
19.6748
19.665
19.6552
19.6552
19.6552
19.665
19.6748
19.665
19.6748
19.665
19.6748
19.6748
19.665
19.6552
19.6748
19.6748
19.665
19.6748
19.665
19.6748
19.6748
19.6748
19.6748
19.6748
19.714
19.7924
19.91
19.9786
20.106
20.2824
20.3902
20.4294
20.4392
20.4686
20.5274
20.596
20.6156
122.153
20.6352
20.6548
20.6744
122.153
20.694
20.7332
20.7234
20.7332
20.7626
20.743
20.7528
20.7332
122.153
20.7528
122.153
20.7528
20.7528
20.7626
20.7528
122.153
20.7332
20.7234
20.7136
20.7136
122.153
20.694
20.694
20.6842
20.6548
122.153
20.6744
20.6842
20.694
20.694
20.7234
20.7528
20.7528
122.153
20.7528
122.153
20.7626
20.7528
122.153
20.7724
20.7528
122.153
20.743
20.7528
20.7724
20.7528
20.7528
20.743
122.153
20.7136
20.7234
20.743
20.7626
20.7626
20.6156
20.5666
122.153
20.498
20.4098
20.3804
122.153
122.153
20.2824
20.2628
20.2334
20.204
20.2138
20.1844
20.204
20.1746
20.1452
122.153
20.155
20.1648
122.153
20.155
20.204
20.2236
20.2236
20.2334
20.2628
20.253
20.204
20.1844
20.1158
122.153
20.1158
20.1158
20.0962
20.0864
20.0668
20.0668
20.0864
20.0766
20.0668
20.057
20.0472
20.0472
20.0864
122.153
20.0864
122.153
20.0864
20.0864
20.0962
20.0766
20.0668
20.0668
20.0472
20.0668
20.0864
20.0668
20.0472
122.153
20.106
20.106
20.1452
20.1648
20.155
122.153
20.1256
20.1452
20.1746
122.153
122.153
122.153
20.253
20.2824
20.302
20.3412
20.3216
20.4
20.3608
20.3608
20.3902
20.4
122.153
20.4
20.3608
20.3216
20.3216
20.2824
20.2824
122.153
20.2726
122.153
20.2922
20.2922
20.302
122.153
20.4
20.4098
20.4098
20.3804
20.3706
20.3412
20.3216
122.153
20.3804
20.449
20.4588
20.449
20.4196
20.4784
20.4686
20.5372
20.6156
20.6646
20.6744
122.153
122.153
20.6058
122.153
20.5862
20.5764
20.5666
20.6352
20.6548
20.694
20.7332
20.7332
20.7136
20.7136
20.6744
20.6548
20.694
20.7038
20.7332
20.743
20.792
20.792
20.8018
20.792
20.8508
20.9684
20.9292
20.9586
20.988
21.1154
21.086
21.1448
21.184
122.153
21.2036
21.2428
122.153
21.2134
21.1252
21.1546
21.184
21.2526
21.282
21.3212
21.3506
21.3506
21.3996
21.4388
21.4584
21.4584
21.4094
21.4192
21.4388
21.4584
21.4388
21.5074
21.527
21.5074
122.153
21.6838
21.7328
21.7524
122.153
21.7818
21.7818
21.772
21.772
21.7034
21.6936
21.6348
21.6544
21.6544
21.7132
21.7524
21.8014
21.772
21.7132
21.7132
21.674
21.7132
21.7132
21.723
21.7132
21.6838
21.7132
21.7818
21.723
21.7328
21.7328
21.7328
122.153
21.7916
21.8014
21.7132
122.153
21.6936
21.7132
21.7132
21.7132
21.6936
21.7132
21.7524
21.7916
21.8504
21.8504
21.8112
21.8504
21.8896
21.919
21.8994
21.8504
21.8504
21.8112
21.7818
21.7818
21.8112
122.153
21.8308
21.8896
122.153
21.9092
122.153
21.8798
21.8896
21.8798
21.87
21.919
21.9484
21.9582
122.153
21.8504
21.8112
21.87
21.9484
21.9092
21.8504
21.9092
21.968
22.0072
22.0072
22.0366
22.0366
22.017
22.0072
22.1444
22.1248
22.1346
22.0856
22.1052
122.153
22.1836
22.1934
22.2228
22.2522
22.2816
22.3208
122.153
22.2718
22.1836
22.2718
22.2718
22.311
22.3502
22.36
22.3502
22.3992
22.458
22.4384
122.153
22.6344
22.6736
122.153
22.752
22.5952
22.5854
22.6148
22.7128
22.6834
22.6932
22.7324
22.6932
22.6932
22.6932
22.7422
22.7814
22.752
22.7226
22.7324
22.7912
22.8304
22.8402
122.153
22.8304
122.153
22.8304
22.801
22.6932
22.654
122.153
22.6638
22.5364
22.5168
22.4678
22.458
22.5168
22.5462
22.556
22.5462
22.4972
122.153
22.458
122.153
22.4188
22.458
22.4776
22.4776
22.507
122.153
22.4678
22.4678
22.4482
22.4188
22.4482
22.458
22.4482
22.4678
22.4776
22.458
122.153
22.458
122.153
22.4188
22.3796
22.3698
22.3796
22.3992
22.4286
122.153
22.3796
22.36
22.3502
22.3502
22.3404
22.3208
22.3404
22.3698
22.4188
22.4384
22.458
22.4384
22.4188
122.153
22.4384
22.4384
22.4874
22.4776
22.409
22.409
22.3796
122.153
22.3698
22.36
22.3502
22.3502
22.3502
22.2816
22.311
22.3502
22.36
22.3404
22.3404
122.153
22.3306
22.3208
22.3012
22.262
22.2228
22.1836
22.164
22.1444
22.1248
22.115
22.115
22.1248
22.1248
22.1248
22.1346
122.153
22.1052
122.153
22.1052
22.0856
22.0954
122.153
22.0856
22.0758
22.066
122.153
22.0856
22.0856
22.0758
22.0856
22.0856
122.153
22.066
22.0758
22.115
22.115
22.1052
22.1444
122.153
22.1444
22.115
22.1248
22.1052
22.115
22.0954
122.153
22.115
22.115
22.1052
22.0856
22.0954
22.115
122.153
22.066
22.0464
122.153
22.0072
22.0072
21.9876
122.153
21.9778
21.9582
21.968
22.017
122.153
22.0268
122.153
21.968
21.968
21.9974
122.153
22.0366
22.0464
22.066
22.1248
22.1444
122.153
22.1738
22.1346
122.153
22.115
22.1052
22.1346
22.1346
22.1248
22.115
122.153
22.1444
22.0954
22.0856
22.0954
22.0856
22.066
22.066
22.0856
22.0758
22.0856
22.115
22.1052
122.153
22.1052
22.0856
22.1542
22.1346
22.115
122.153
122.153
22.0856
22.1052
22.1052
22.0954
22.0954
122.153
22.0954
122.153
22.1248
22.1346
22.1346
22.1444
22.1346
22.164
122.153
22.1444
122.153
22.1444
22.164
122.153
22.1248
22.1444
22.1346
22.115
22.1346
22.1248
22.115
122.153
22.1248
22.0856
122.153
22.017
122.153
22.0464
22.0464
22.0464
22.0268
122.153
22.0072
22.0072
21.9876
122.153
21.968
21.9876
21.968
122.153
21.919
21.9092
21.919
122.153
21.8896
21.8798
21.8798
21.8602
122.153
21.8504
21.8406
122.153
21.8504
21.87
21.8602
21.8308
21.821
21.8112
122.153
21.8112
21.8014
21.8014
122.153
21.7916
122.153
21.7818
122.153
21.7622
21.7524
21.7524
21.7524
21.7622
21.7524
21.7524
21.772
21.7524
122.153
21.7622
21.7524
122.153
21.7818
21.772
21.7818
21.7916
21.772
21.7622
21.7426
21.7622
21.8014
21.8014
122.153
