21.282
21.2232
21.233
21.2624
21.2624
21.5956
21.6348
21.7034
21.7328
21.8112
21.8798
21.8994
21.9092
21.9288
21.9582
21.968
21.968
21.968
21.968
21.968
21.968
21.9876
21.9876
21.9778
21.9974
21.968
21.9876
21.968
22.0072
22.0072
22.0464
22.0562
22.0366
22.0366
22.0268
22.0072
21.9876
21.9876
21.9876
21.9582
21.9582
21.9484
21.9288
21.9288
21.8994
21.8896
21.8994
21.9092
21.8994
21.8896
21.8896
21.8994
21.8896
21.8896
21.87
21.821
21.8112
21.8112
21.821
21.821
21.8112
21.8112
21.8112
21.8112
21.8112
21.8112
21.772
21.7916
21.7818
21.7818
21.7524
21.7426
21.7524
21.7328
21.7328
21.7426
21.723
21.723
21.7034
21.6936
21.6936
21.6936
21.674
21.674
21.6642
21.6544
21.6446
21.6348
21.6348
21.6348
21.6152
21.625
21.625
21.625
21.6152
21.6054
21.5956
21.5858
21.5858
21.576
21.5368
21.5466
21.5466
21.5368
21.5466
21.5466
21.527
21.527
21.5172
21.5074
21.5172
21.4976
21.478
21.478
21.478
21.478
21.4584
21.4192
21.4388
21.4584
21.4486
21.4192
21.4094
21.4094
21.3996
21.3996
21.38
21.38
21.38
21.3898
21.3604
21.331
21.3408
21.331
21.3212
21.3016
21.3016
21.3016
21.3114
21.3114
21.2722
21.2722
21.282
21.2624
21.2722
21.2624
21.2428
21.2428
21.233
21.2526
21.2428
21.2428
21.2428
21.233
21.2232
21.2232
21.2232
21.2036
21.2036
21.184
21.1448
21.1448
21.1644
21.1644
21.1742
21.184
21.1644
21.1644
21.1546
21.1448
21.1546
21.1644
21.1644
21.1644
21.1644
21.1644
21.1546
21.1546
21.1448
21.1448
21.1448
21.1448
21.1448
21.135
21.135
21.1252
21.1056
21.1056
21.1056
21.1154
21.1056
21.0958
21.0958
21.0958
21.086
21.086
21.0762
21.086
21.086
21.0958
21.0958
21.086
21.086
21.0664
21.037
21.0272
21.0272
21.0272
21.0272
21.0272
21.0272
21.0174
21.0076
21.0174
21.0174
21.0272
21.0272
21.037
21.0272
21.0174
20.9978
20.9978
20.988
20.988
20.988
20.988
20.9684
20.9586
20.9586
20.9292
20.939
20.939
20.9292
20.9194
20.9194
20.9096
20.9194
20.9292
20.9292
20.9194
20.9096
20.9194
20.8998
20.89
20.89
20.89
20.8802
20.8704
20.8704
20.8606
20.8704
20.8704
20.8704
20.8606
20.8704
20.841
20.8508
20.8606
20.8508
20.8704
20.8704
20.841
20.8214
20.8116
20.8116
20.8116
20.792
20.8018
20.792
20.7822
20.792
20.792
20.792
20.792
20.7724
20.7724
20.7724
20.7528
20.7528
20.7528
20.7528
20.7332
20.7332
20.7332
20.7332
20.7234
20.7234
20.7234
20.7332
20.7332
20.7136
20.7234
20.694
20.6842
20.6646
20.6646
20.6548
20.645
20.645
20.6548
20.6548
20.6548
20.6646
20.6646
20.6548
20.6548
20.6548
20.6548
20.6548
20.6646
20.6548
20.6548
20.645
20.645
20.6058
20.6058
20.596
20.5764
20.5764
20.5764
20.596
20.5764
20.5764
20.5764
20.5568
20.5568
20.5176
20.5176
20.5176
20.498
20.498
20.498
20.498
20.498
20.498
20.498
20.5176
20.5078
20.5078
20.5176
20.498
20.4588
20.4588
20.4588
20.4588
20.449
20.4588
20.4588
20.4392
20.4392
20.4196
20.4392
20.4196
20.4196
20.4196
20.4196
20.4
20.4
20.4
20.4
20.4196
20.3804
20.3804
20.3706
20.3804
20.3902
20.3804
20.3804
20.3412
20.3412
20.3412
20.3314
20.3216
20.3216
20.3216
20.3216
20.3314
20.3314
20.3216
20.302
20.3216
20.302
20.302
20.3118
20.3314
20.3118
20.3314
20.3118
20.3216
20.302
20.302
20.302
20.2922
20.2824
20.2726
20.2824
20.2726
20.2726
20.2824
20.2726
20.2726
20.2726
20.2922
20.2726
20.2726
20.204
20.2138
20.2236
20.2138
20.2334
20.2334
20.2432
20.2236
20.2236
20.2334
20.2334
20.2334
20.2334
20.2334
20.2236
20.2236
20.2138
20.2236
20.204
20.204
20.204
20.1844
20.1844
20.1648
20.1452
20.1452
20.1452
20.155
20.1354
20.1354
20.1256
20.1354
20.0962
20.106
20.0864
20.0962
20.0864
20.0864
20.0766
20.0864
20.0962
20.0962
20.0766
20.0766
20.0668
20.057
20.0276
20.0276
20.008
20.0276
20.0178
20.0178
20.0178
20.008
19.9982
19.9884
19.9982
19.9884
19.9786
19.9786
19.9786
19.9688
19.9786
19.9688
19.9688
19.959
19.9688
19.959
19.9296
19.9394
19.9394
19.9296
19.9492
19.9296
19.9296
19.91
19.9198
19.91
19.9198
19.9198
19.8904
19.8904
19.8904
19.8904
19.8904
19.8904
19.8904
19.9002
19.8904
19.8904
19.8904
19.8806
19.8708
19.8708
19.8708
19.8708
19.8708
19.8708
19.8512
19.861
19.8316
19.8512
19.8414
19.8414
19.8512
19.8512
19.8512
19.8316
19.8316
19.8414
19.8316
19.8316
19.8316
19.8218
19.8316
19.8218
19.8218
19.812
19.8022
19.8022
19.7924
19.7826
19.7826
19.7826
19.7924
19.7728
19.7728
19.7924
19.7924
19.7826
19.7826
19.7728
19.7728
19.7728
19.763
19.7826
19.7728
19.7826
19.7434
19.7532
19.7532
19.7434
19.7532
19.7434
19.7336
19.7336
19.7238
19.7238
19.7336
19.7238
19.7336
19.7336
19.7336
19.714
19.714
19.7336
19.714
19.6944
19.714
19.6944
19.7042
19.6944
19.6944
19.7042
19.6944
19.6748
19.6748
19.6748
19.6748
19.6748
19.665
19.6748
19.6748
19.6552
19.6552
19.6552
19.6552
19.6552
19.6454
19.6356
19.6454
19.6356
19.6356
19.6356
19.6356
19.6258
19.6356
19.6258
19.616
19.616
19.616
19.6062
19.6062
19.6062
19.6062
19.5964
19.5964
19.5964
19.5866
19.5964
19.6062
19.5964
19.5964
19.5866
19.5866
19.5866
19.567
19.5768
19.5866
19.5768
19.5768
19.5768
19.567
19.5572
19.5474
19.5572
19.5474
19.5474
19.5572
19.5474
19.5474
19.5474
19.5278
19.518
19.5278
19.5278
19.5278
19.5278
19.5082
19.518
19.518
19.5278
19.4984
19.518
19.5082
19.518
19.4984
19.5082
19.4886
19.4788
19.4592
19.469
19.469
19.4592
19.4494
19.4396
19.4396
19.42
19.4396
19.42
19.42
19.42
19.4102
19.42
19.4102
19.4102
19.4004
19.3906
19.3906
19.3906
19.4004
19.3906
19.3906
19.3808
19.371
19.371
19.3808
19.3808
19.3808
19.3808
19.3906
19.3808
19.3808
19.371
19.371
19.3612
19.371
19.371
19.3808
19.3612
19.3612
19.3514
19.3514
19.3514
19.3514
19.3416
19.3416
19.3416
19.3318
19.322
19.3318
19.322
19.322
19.322
19.322
19.322
19.322
19.322
19.322
19.3318
19.322
19.3318
19.3122
19.322
19.322
19.3024
19.3024
19.273
19.2828
19.2926
19.2926
19.2926
19.2828
19.2828
19.273
19.2828
19.3122
19.3024
19.322
19.322
19.322
19.322
19.3416
19.3416
19.3318
19.3514
19.3612
19.371
19.3808
19.4298
19.4396
19.4494
19.4592
19.4592
19.518
19.5376
19.567
19.616
19.6356
19.6944
19.7238
19.7336
19.763
19.7924
19.812
19.861
19.8806
19.9688
19.9786
19.9884
19.9884
20.0668
20.106
20.1158
20.1452
20.1844
20.2824
20.3412
20.4294
20.4392
20.5666
20.5764
20.5764
20.5862
20.7234
20.8704
20.9194
20.9978
21.0664
21.0664
21.1056
21.1252
21.1546
21.2232
21.2428
21.2918
21.3114
21.3212
21.3506
21.38
21.3996
21.4388
21.478
21.4878
21.576
21.576
21.5956
21.6054
21.6642
21.6936
21.7426
21.7916
21.772
21.8112
21.8112
21.8112
21.8112
21.8602
21.8994
21.919
21.9288
21.968
21.9876
22.0268
22.066
22.1052
22.1248
22.1444
22.115
22.1444
22.2032
22.2326
22.2326
22.2522
22.311
22.311
22.3404
22.4188
22.4188
22.4482
22.458
22.4874
22.5168
22.5168
22.5658
22.5952
22.6442
22.6834
22.7128
22.7324
22.7618
22.7716
22.8794
22.9088
22.997
23.1342
23.1538
23.2518
23.3106
23.3106
23.3204
23.34
23.4184
23.3988
23.4772
23.5556
23.5752
23.5556
23.6242
23.7222
23.8104
23.8006
23.8496
23.8496
23.928
23.9084
23.928
23.9476
23.9672
24.0358
24.0652
24.0456
24.075
24.0652
24.124
24.2024
24.222
24.2612
24.2612
24.3004
24.3494
24.3984
24.4376
24.4376
24.3788
24.3788
24.516
24.5258
24.5552
24.5846
24.5944
24.7218
24.761
24.7708
24.8198
24.9668
25.006
25.0256
25.055
25.055
25.0746
25.1824
25.1726
25.1726
25.1824
25.202
25.2314
25.251
25.3
25.3196
25.4078
25.4862
25.5156
25.6038
25.6136
25.6528
25.6822
25.692
25.6724
25.692
25.741
25.7802
25.7606
25.8194
25.8194
25.8194
25.8194
25.8194
25.8978
25.986
25.9958
26.0056
26.0252
26.0742
26.1036
26.1232
26.133
26.1624
26.2212
26.2408
26.3192
26.3388
26.378
26.378
26.3976
26.4564
26.476
26.4956
26.5348
26.6034
26.6132
26.6328
26.6524
26.7112
26.7308
26.7504
26.77
26.7798
26.7896
26.819
26.868
26.8974
26.9268
26.966
27.015
27.0444
27.0738
27.1228
27.1816
27.1914
27.2208
27.2992
27.309
27.309
27.3286
27.3482
27.3874
27.3776
27.3972
27.4266
27.4364
27.4462
27.4462
27.456
27.5148
27.5246
27.5148
27.5442
27.5736
27.5834
27.6128
27.652
27.701
27.7402
27.7892
27.799
27.8088
27.8088
27.8872
27.897
27.897
27.9068
27.9852
28.0636
28.1616
28.2106
28.2008
28.1812
28.2204
28.2106
28.2204
28.2204
28.1518
28.1126
28.1322
28.1812
28.142
28.1224
28.1322
28.2106
28.2498
28.2106
28.1812
28.191
28.2008
28.24
28.24
28.2596
28.2792
28.3086
28.3282
28.436
28.4262
28.4262
28.3968
28.4164
28.4164
28.3968
28.4164
28.436
28.4654
28.4752
28.4654
28.4752
28.5046
28.5242
28.5144
28.5046
28.5536
28.583
28.5242
28.6124
28.6516
28.6614
28.6712
28.6908
28.7006
28.7202
28.7202
28.7496
28.7496
28.7888
28.8084
28.828
28.8378
28.8182
28.7692
28.7006
28.6516
28.5536
28.4948
28.4556
28.3674
28.2694
28.2694
28.2204
28.2106
28.1812
28.1812
28.1714
28.1812
28.1126
28.1126
28.093
28.0832
28.0832
27.9754
28.044
28.0244
27.9558
27.897
27.8872
27.8676
27.848
27.8284
27.7892
27.7108
27.5932
27.6324
27.652
27.6324
27.652
27.6618
27.652
27.652
27.6814
27.6912
27.7206
27.701
27.701
27.6912
27.6716
27.6618
27.652
27.6324
27.603
27.603
27.6128
27.6128
27.6128
27.6128
27.5736
27.5736
27.5736
27.5638
27.554
27.5736
27.5834
27.5834
27.5932
27.5834
27.554
27.554
27.5344
27.5344
27.5148
27.5246
27.5148
27.5344
27.5344
27.5442
27.5638
27.5442
27.4756
27.456
27.407
27.3972
27.3776
27.358
27.2502
27.1816
27.1718
27.211
27.2306
27.2306
27.2208
27.1914
27.211
27.1914
27.0934
27.064
27.0444
27.0052
27.0052
27.0052
26.9856
26.966
26.9562
26.9562
26.9562
26.868
26.8386
26.8386
26.8484
26.8582
26.868
26.8582
26.8386
26.8386
26.819
26.819
26.7994
26.7798
26.7504
26.7308
26.7112
26.7014
26.672
26.6328
26.623
26.5936
26.5936
26.4858
26.4858
26.4956
26.5054
26.4956
26.4956
26.4662
26.4368
26.3388
26.3388
26.329
26.2506
26.2114
26.2114
26.1722
26.1232
26.1036
26.1036
26.0938
26.0546
26.0448
26.0154
26.0056
25.986
25.9762
25.9468
25.9272
25.9076
25.9174
25.8978
25.888
25.8194
25.8194
25.8194
25.8194
25.8194
25.79
25.7606
25.7704
25.7312
25.7312
25.692
25.6528
25.594
25.5548
25.496
25.4372
25.447
25.4176
25.3882
25.3588
25.3098
25.2902
25.2118
25.1432
25.1432
25.1236
25.1236
25.1236
25.104
25.104
25.104
25.0746
25.0844
25.0746
25.0648
25.055
25.0354
25.0256
24.9864
24.9668
24.957
24.908
24.8884
24.8394
24.8296
24.8198
24.8296
24.81
24.8002
24.761
24.761
24.761
24.7414
24.7316
24.7316
24.7218
24.7022
24.6924
24.6532
24.663
24.6238
24.5944
24.5846
24.5454
24.5258
24.5356
24.5356
24.4964
24.4768
24.4768
24.4376
24.418
24.3984
24.369
24.3396
24.32
24.32
24.3004
24.2808
24.2808
24.2514
24.2514
24.2318
24.1926
24.1828
24.1828
24.173
24.173
24.173
24.1632
24.1436
24.1436
24.0946
24.0848
24.0848
24.0652
24.0358
24.0358
24.0162
24.0064
24.0162
23.9868
23.9868
23.977
23.928
23.8888
23.8496
23.8496
23.8398
23.83
23.7908
23.7712
23.7026
23.6928
23.683
23.6732
23.6536
23.634
23.6144
23.5164
23.4772
23.4674
23.4478
23.4184
23.4184
23.4086
23.3988
23.3792
23.3498
23.34
23.3302
23.3106
23.3008
23.3008
23.3008
23.3008
23.3106
23.2616
23.193
23.1734
23.1832
23.1538
23.1342
23.1146
23.1048
23.0852
23.0852
23.0656
23.0754
23.0656
23.046
23.046
23.0362
23.0166
22.9676
22.9676
22.9578
22.9578
22.9578
22.9382
22.9382
22.9284
22.8892
22.8598
22.8304
22.8108
22.7912
22.7716
22.7618
22.7716
22.7422
22.7324
22.7324
22.7128
22.7128
22.6932
22.654
22.6442
22.6344
22.6148
22.5952
22.5952
22.5952
22.5658
22.5658
22.556
22.556
22.5462
22.5462
22.4874
22.4972
22.4776
22.4776
22.4678
22.458
22.4482
22.4286
22.4188
22.4286
22.4188
22.4188
22.409
22.3992
22.409
22.3992
22.3894
22.3894
22.3796
22.3796
22.36
22.3698
22.36
22.36
22.3404
22.3306
22.3306
22.3208
22.2914
22.2718
22.262
22.2718
22.2424
22.2326
22.2424
22.2424
22.2326
22.2228
22.2228
22.213
22.2032
22.2032
22.1836
22.164
22.164
22.164
22.1542
22.1542
22.1542
22.115
22.1052
22.1248
22.0954
22.0856
22.0856
22.0856
22.0954
22.0856
22.066
22.0758
22.0464
22.0268
22.0072
21.9876
21.9876
21.9876
21.9876
21.9778
21.968
21.9778
21.9778
21.9778
21.9778
21.9092
21.9092
21.8798
21.87
21.8602
21.87
21.8602
21.8504
21.821
21.8112
21.8112
21.8112
21.8112
21.8112
21.7328
21.7328
21.723
21.723
21.723
21.7132
21.7034
21.7132
21.6936
21.6936
21.6838
21.6642
21.6642
21.6348
21.625
21.6348
21.5956
21.5662
21.5662
21.5662
21.5564
21.5564
21.5466
21.5172
21.5172
21.4878
21.478
21.4584
21.4486
21.4388
21.4192
21.4094
21.3996
21.3996
21.3996
21.38
21.3898
21.3408
21.3506
21.3408
21.3408
21.331
21.3212
21.3408
21.3408
21.3408
21.331
21.3506
21.3506
21.331
21.3506
21.3408
21.3408
21.3408
21.3408
21.3408
21.3408
21.3408
21.3212
21.3212
21.3114
21.3016
21.282
21.2722
21.2722
21.282
21.2624
21.2624
21.282
21.2624
21.2624
21.233
21.2232
21.2232
21.2036
21.2036
21.2036
21.2036
21.1938
21.184
21.184
21.184
21.1742
21.1644
21.184
21.184
21.1644
21.1644
21.1546
21.1546
21.135
21.1056
21.086
21.086
21.086
21.086
21.086
21.086
21.086
21.0664
21.0762
21.086
21.0664
21.0468
21.0076
20.9978
20.9684
20.9586
20.9684
20.9488
20.9586
20.9488
20.9488
20.9488
20.9292
20.9096
20.89
20.8998
20.8998
20.8998
20.89
20.8704
20.8704
20.8704
20.8606
20.8508
20.8508
20.841
20.8508
20.841
20.8508
20.8312
20.8116
20.8116
20.8116
20.792
20.7724
20.7724
20.743
20.7528
20.743
20.7332
20.7332
20.7234
20.7136
20.7136
20.7038
20.7038
20.6842
20.6744
20.6842
20.6842
20.694
20.694
20.6744
20.6744
20.6842
20.6744
20.6842
20.6646
20.6646
20.6352
20.645
20.6352
20.6352
20.6352
20.6352
20.6352
20.6352
20.6156
20.6156
20.6156
20.6156
20.6254
20.6156
20.6156
20.6156
20.596
20.596
20.5764
20.5666
20.5666
20.5666
20.5568
20.547
20.547
20.5372
20.547
20.5372
20.5372
20.5372
20.5372
20.5372
20.547
20.5372
20.5274
20.5176
20.5274
20.5176
20.5176
20.5176
20.5078
20.5078
20.498
20.498
20.5078
20.547
20.5078
20.498
20.4784
20.4686
20.4588
20.4588
20.4588
20.4784
20.4588
20.4784
20.4588
20.498
20.4588
20.4588
20.4588
20.4588
20.449
20.4588
20.4392
20.449
20.449
20.449
20.4294
20.4196
20.4196
20.4196
20.4392
20.4
20.4098
20.4196
20.4196
20.4196
20.4196
20.4196
20.4
20.4098
20.4196
20.4
20.4
20.3804
20.3902
20.3608
20.3706
20.4098
20.3804
20.3706
20.3608
20.3706
20.3804
20.3804
20.3706
20.3608
20.3608
20.3608
20.3608
20.351
20.3412
20.3314
20.3314
20.3314
20.3216
20.3216
20.3314
20.3216
20.3412
20.3314
20.3412
20.3412
20.3412
20.3412
20.3412
20.3216
20.3608
20.3216
20.3118
20.302
20.302
20.2824
20.302
20.302
20.302
20.2824
20.2824
20.2922
20.2824
20.2726
20.3216
20.2824
20.3216
20.2726
20.2628
20.253
20.2334
20.2334
20.2334
20.2432
20.2432
20.2334
20.2334
20.2432
20.2432
20.2236
20.2138
20.2138
20.2138
20.2236
20.1942
20.2138
20.1844
20.1844
20.2138
20.1648
20.1844
20.1746
20.1648
20.1648
20.1452
20.1648
20.1452
20.1256
20.1354
20.1452
20.1452
20.1354
20.1256
20.1256
20.1256
20.1354
20.1256
20.1256
20.1256
20.1158
20.1158
20.106
20.0962
20.0962
20.0962
20.0668
20.0668
20.0766
20.0766
20.0766
20.0864
20.0766
20.057
20.0668
20.0668
20.057
20.0766
20.0472
20.0864
20.0374
20.0472
20.0276
20.0276
20.0276
20.0276
20.008
20.008
20.008
20.008
20.0472
19.9982
20.008
20.008
20.008
19.9884
19.9884
19.9884
19.9884
19.9884
19.9884
19.9786
19.9884
19.9786
19.9688
19.9688
19.9688
19.9688
19.9688
19.9688
19.9688
19.9688
19.9688
20.0276
19.9688
19.9688
19.9492
19.959
19.9394
19.9492
19.9492
19.9296
19.9296
19.9198
19.9296
19.9296
19.9296
19.9296
19.9296
19.9394
19.9296
19.9296
19.9296
19.91
19.8904
19.8904
19.8806
19.8806
19.8904
19.9002
19.9002
19.9002
19.9002
19.8904
19.8904
19.8708
19.861
19.8512
19.8512
19.861
19.8512
19.8414
19.8218
19.8218
19.812
19.8022
19.7924
19.7826
19.8022
19.7924
19.7924
19.7924
19.8022
19.8022
19.8022
19.7924
19.7924
19.7924
19.7728
19.7728
19.763
19.7532
19.7532
19.7434
19.7336
19.7336
19.7336
19.7532
19.7434
19.7336
19.7336
19.714
19.7238
19.7042
19.6944
19.6944
19.6748
19.6846
19.6748
19.6748
19.6748
19.6846
19.6944
19.7042
19.714
19.6944
19.7336
19.7826
19.91
19.7336
19.6552
19.7532
19.8218
19.6552
19.812
19.6552
19.6356
19.6356
19.6454
19.6356
19.6356
19.6356
19.6356
19.6258
19.616
19.616
19.616
19.6062
19.616
19.616
19.6062
19.616
19.5964
19.5964
19.5866
19.5964
19.5964
19.5964
19.5866
19.5964
19.5964
19.5866
19.5768
19.5768
19.5768
19.5768
19.5768
19.5768
19.5768
19.567
19.5572
19.5572
19.5474
19.5474
19.5572
19.5474
19.5572
19.567
19.5572
19.5572
19.5474
19.5572
19.5474
19.5278
19.5376
19.518
19.5376
19.518
19.518
19.5278
19.518
19.5278
19.5964
19.5376
19.5376
19.5278
19.5376
19.5376
19.5376
19.5376
19.5474
19.5376
19.5474
19.6062
19.5572
19.5768
19.567
19.5572
19.5376
19.5572
19.5768
19.5768
19.5866
19.6356
19.567
19.567
19.5572
19.567
19.5572
19.5572
19.5768
19.6552
19.5376
19.5376
19.5278
19.5376
19.5474
19.5474
19.5376
19.567
19.5572
19.5572
19.5768
19.5768
19.567
19.567
19.5572
19.5572
19.5768
19.5768
19.5572
19.5572
19.7336
19.567
19.5768
19.567
19.5768
19.5572
19.5572
19.5768
19.6552
19.567
19.5768
19.567
19.567
19.5768
19.567
19.5768
19.567
19.5964
19.6062
19.6062
19.6258
19.6062
19.6454
19.6356
19.6552
19.6454
19.6454
19.6552
19.665
19.7532
19.6748
19.665
19.6552
19.7434
19.6552
19.6552
19.6552
19.6748
19.6846
19.6748
19.6748
19.665
19.6846
19.6748
19.6944
19.7042
19.7238
19.714
19.7336
19.7336
19.7336
19.7434
19.7238
19.7532
19.7728
19.763
19.8022
19.8218
19.8316
19.8414
19.861
19.8708
19.8806
19.91
19.91
19.9296
19.9394
19.959
19.9786
19.9786
19.9884
19.9884
20.0668
20.743
20.8116
21.0272
21.086
21.2428
21.282
21.3996
21.5564
21.772
21.8896
21.9484
22.0072
22.164
22.36
22.4188
22.605
22.6344
22.6736
22.7716
22.801
22.9284
23.0068
23.0264
23.1146
23.144
23.242
23.2812
23.34
23.3596
23.3792
23.3792
23.3988
23.4478
23.5458
23.5654
23.5948
23.6144
23.6732
23.7124
23.732
23.7614
23.781
23.7712
23.7712
23.7712
23.7908
23.9084
23.9574
23.977
24.0064
24.026
24.2612
24.2906
24.32
24.3788
24.4278
24.4278
24.418
24.418
24.4474
24.4376
24.4474
24.4474
24.4768
24.467
24.5356
24.5552
24.5552
24.565
24.5944
24.5944
24.663
24.565
24.7904
24.6924
24.7316
24.565
24.5552
24.8002
24.7512
24.5356
24.5552
24.565
24.5356
24.5356
24.5748
24.5748
24.5748
24.5944
24.5846
24.5944
24.5258
24.5258
24.4964
24.565
24.5454
24.5552
24.5748
24.5258
24.516
24.5846
24.5944
24.6532
24.6042
24.614
24.614
24.6238
24.6336
24.6336
24.6532
24.6826
24.6042
24.5356
24.4964
24.4866
24.4768
24.4376
24.712
24.7218
24.7218
24.712
24.712
24.712
24.7512
24.81
24.81
24.8492
24.8296
24.8002
24.8002
24.7708
24.7512
24.7512
24.6042
24.6336
24.5944
24.5356
24.5944
24.5552
24.4964
24.4572
24.516
24.4866
24.467
24.4572
24.5062
24.5454
24.516
24.4768
24.4964
24.4572
24.418
24.4278
24.4376
24.3984
24.3984
24.4082
24.3396
24.2416
24.2318
24.2024
24.1828
24.1632
24.2024
24.222
24.2024
24.1632
24.0848
24.0848
24.124
24.1436
24.173
24.173
24.173
24.1436
23.977
23.9868
23.9476
23.928
23.9182
23.83
23.83
23.8006
23.7516
23.7516
23.7418
23.7712
23.732
23.7124
23.7026
23.7712
23.7026
23.7026
23.6928
23.6732
23.6732
23.6732
23.6242
23.6144
23.5752
23.536
23.4282
23.3596
23.34
23.3302
23.3106
23.3106
23.291
23.193
23.2028
23.1832
23.1734
23.1636
23.144
23.1342
23.1146
23.0754
23.0264
23.0166
22.9676
22.9088
22.9088
22.8892
22.8892
22.899
22.9088
22.899
22.899
22.9186
22.8892
22.8892
22.8892
22.8794
22.8892
22.8794
22.8794
22.8598
22.8598
22.8696
22.8402
22.85
22.8108
22.7716
22.7912
22.7814
22.752
22.7324
22.7422
22.7422
22.7324
22.7128
22.7226
22.7422
22.7324
22.7324
22.7422
22.7324
22.7324
22.7324
22.6834
22.6736
22.654
22.654
22.6442
22.6442
22.6246
22.6246
22.5952
22.5462
22.507
22.507
22.4874
22.458
22.4384
22.4384
22.4286
22.4384
22.409
22.3992
22.3796
22.3698
22.3698
22.36
22.36
22.311
22.2816
22.262
22.2228
22.1836
22.1738
22.1444
22.1444
22.1444
22.115
22.0954
22.0856
22.115
22.115
22.1248
22.1346
22.1052
22.1248
22.0856
22.0856
22.0562
22.066
22.066
22.0562
22.0464
22.0464
22.0464
22.0268
22.0366
22.0268
22.017
22.0072
21.9876
21.9778
21.9582
21.968
21.9778
21.9484
21.9386
21.9288
21.8994
21.8308
21.8308
21.8112
21.8112
21.8112
21.7916
21.8014
21.772
21.7524
21.7622
21.7524
21.7328
21.7426
21.723
21.723
21.6838
21.6838
21.6642
21.6642
21.6544
21.6446
21.6348
21.6446
21.5858
21.5662
21.5466
21.5368
21.5172
21.4976
21.478
21.4388
21.4388
21.4192
21.4192
21.4094
21.3996
21.3898
21.3702
21.3702
21.3604
21.3212
21.2918
21.2918
21.282
21.2722
21.233
21.1938
21.1644
21.1546
21.1644
21.1644
21.1742
21.1644
21.1546
21.1546
21.1644
21.1644
21.1448
21.1546
21.1448
21.135
21.1056
21.086
21.086
21.0762
21.0664
89.5488
19.567
19.5376
19.4788
19.4494
19.4984
19.4788
19.4592
19.4494
19.4788
19.469
19.4788
19.4592
19.4592
19.4494
19.4396
19.4396
19.4396
19.4396
19.4396
19.371
19.371
19.3906
19.4004
19.4004
19.4004
19.3808
19.371
19.371
19.371
19.3416
19.3612
19.3416
19.3416
19.3416
19.322
19.3122
19.2828
19.3024
19.273
19.2828
19.273
19.2534
19.2632
19.2338
19.2142
19.2044
19.1848
19.2044
19.2044
19.1848
19.1848
19.224
19.1946
19.2142
19.1848
19.1554
19.1554
19.126
19.126
19.1358
19.1358
19.126
19.1456
19.0868
19.028
19.0476
19.0476
19.028
19.028
19.0182
19.0182
19.028
19.0084
19.0084
19.0084
18.9692
18.9692
18.979
18.9692
18.9594
18.9594
18.9398
18.9594
18.9496
18.9594
18.9496
18.9496
18.93
18.9202
18.9104
18.9006
18.8712
18.8418
18.8516
18.881
18.8712
18.8418
18.8222
18.8222
18.832
18.832
18.832
18.8418
18.8222
18.8418
18.8124
18.8026
18.7732
18.7732
18.783
18.7438
18.734
18.734
18.7536
18.734
18.734
18.734
18.734
18.7144
18.7144
18.7144
18.7144
18.7046
18.7046
18.6948
18.6556
18.6164
18.6164
18.6752
18.6164
18.6164
18.6262
18.636
18.6164
18.5674
18.5576
18.538
18.5282
18.5184
18.4988
18.5184
18.5086
18.5086
18.5184
18.4694
18.44
18.4498
18.4498
18.4204
18.4204
18.4008
18.4204
18.4204
18.4204
18.4204
18.4204
18.4106
18.3616
18.3616
18.3616
18.3616
18.342
18.3126
18.3028
18.3028
18.3126
18.3028
18.293
18.3028
18.293
18.3028
18.293
18.2636
18.2538
18.2734
18.2832
18.244
18.2244
18.2342
18.2244
18.2048
18.2146
18.2048
18.1754
18.1656
18.1754
18.1852
18.146
18.1264
18.1264
18.1852
18.146
18.146
18.1754
18.1558
18.1068
18.0872
18.0774
18.0774
18.0872
18.097
18.0578
18.048
18.097
18.0774
18.0676
18.0284
18.0284
18.048
18.0284
17.9892
17.9794
17.9892
17.9892
17.999
17.9892
17.9892
17.9892
17.9794
17.9696
17.9696
17.9696
17.9892
17.95
17.95
17.9402
17.9108
17.9108
17.9598
17.9304
17.9304
17.9304
17.9304
17.9598
17.9598
17.9402
17.9304
17.9304
17.9402
17.9304
17.9304
17.9108
17.9108
17.9304
17.9108
17.8912
17.8716
17.8716
17.852
17.8422
17.8814
17.9304
18.0284
18.0382
18.0676
18.0774
18.097
18.1068
18.1264
18.146
18.1754
18.1852
18.1852
18.3224
18.3224
18.3322
18.342
18.3616
18.391
18.44
18.44
18.4596
18.5086
18.5086
3.4068
18.5674
18.5674
18.5772
18.5968
18.6164
18.6164
18.6262
18.6556
18.6752
18.7242
18.734
18.7536
18.7732
18.8124
18.8516
18.8908
18.9104
18.93
18.9398
18.9692
19.028
19.0378
19.077
19.1358
19.1848
19.2044
19.3024
19.371
19.4004
19.4396
19.518
19.5278
19.5474
19.567
19.5768
19.6552
19.6748
19.6944
19.7336
19.7434
19.7532
19.7728
19.7728
19.8022
19.8218
19.8708
19.8904
19.9198
19.9296
19.9688
19.9786
20.0178
20.0374
20.1256
20.204
20.2138
20.2628
20.2726
20.302
20.3118
20.3412
20.3412
20.3804
20.4
20.5372
20.645
20.6646
20.743
20.792
20.8214
20.8508
20.9194
20.9292
21.135
21.1938
21.2526
21.2624
21.3114
21.3114
21.3114
21.3212
21.3604
21.38
21.3996
21.429
21.4486
21.4976
21.5172
21.5368
21.5858
21.6152
21.674
21.8014
21.8112
21.8112
21.8112
21.8112
21.821
21.9092
21.9484
21.9582
21.968
22.0366
22.066
22.066
22.1346
22.1836
22.2032
22.2032
22.1934
22.1836
22.1934
22.2326
22.262
22.2914
22.36
22.4384
22.3698
22.3894
22.556
22.5658
22.605
22.6442
22.6932
22.703
22.6736
22.703
22.7128
22.7814
22.8304
22.8696
22.8892
22.9284
22.9284
23.0166
22.997
22.9676
23.0754
23.1048
23.1342
23.1636
23.1734
23.2224
23.242
23.2616
23.3792
23.3106
23.3008
23.3498
23.389
23.3792
23.3792
23.3596
23.3596
23.3792
23.3498
23.34
23.34
23.3204
23.3106
23.3204
23.34
23.3204
23.3792
23.4184
23.4772
23.5164
23.5948
23.634
23.6438
23.6536
23.6242
23.6242
23.6144
23.5654
23.5654
23.5948
23.6144
23.6438
23.6536
23.7614
23.8202
23.732
23.7712
23.8692
24.0456
23.8888
23.9084
23.9476
23.9182
24.0358
23.9378
24.0162
24.026
23.8986
24.0064
23.9868
23.928
24.0358
23.9672
24.0162
24.0456
23.9868
23.9574
24.0162
24.0358
23.8692
23.8398
23.8888
23.928
23.7222
23.6928
23.6438
23.5948
23.6144
23.6144
23.5752
23.5262
23.3988
23.438
23.438
23.2322
23.2812
23.3498
23.3792
23.3498
23.3596
23.4184
23.4772
23.487
23.487
23.3694
23.3694
23.389
23.4086
23.4184
23.4184
23.4968
23.5164
23.5066
23.4674
23.4478
23.3008
23.3008
23.3008
23.2812
23.2812
23.2812
23.3008
23.3302
23.3204
23.3204
23.3204
23.3204
23.3106
23.2812
23.2518
23.2518
23.2518
23.242
23.2224
23.193
23.1636
23.1636
23.1832
23.193
23.2028
23.193
23.1244
23.0754
23.0558
23.0362
23.0264
23.0166
23.0264
23.0264
23.0068
22.9872
22.9872
22.9382
22.9186
22.9088
22.8892
22.8696
22.8402
22.8206
22.8108
22.801
22.7912
22.7912
22.7814
22.7716
22.7618
22.7422
22.703
22.6932
22.703
22.6932
22.6736
22.6736
22.654
22.6344
22.6442
22.6344
22.6148
22.6148
22.6344
22.6246
22.6344
22.6148
22.5756
22.5658
22.5658
22.556
22.556
22.556
22.5462
22.5266
22.5168
22.507
22.4776
22.4384
22.4286
22.4188
22.409
22.409
22.3992
22.3796
22.3796
22.3796
22.36
22.3502
22.3502
22.3404
22.3208
22.3208
22.3012
22.3208
22.3012
22.2718
22.262
22.2424
22.2424
22.213
22.1836
22.1836
22.164
22.164
22.1444
22.1248
22.1248
22.1248
22.1248
22.1346
22.1248
22.1248
22.1052
22.0856
22.0856
22.0758
22.0464
22.0464
22.0366
22.0268
22.0268
22.0072
21.9974
22.0072
21.9876
21.9974
22.0072
22.0072
21.9974
21.9974
22.0072
21.9974
21.9778
21.9778
21.9484
21.968
21.9484
21.9484
21.9484
21.9288
21.9288
21.919
21.919
21.9092
21.9092
21.9092
21.8994
21.87
21.8602
21.87
21.8602
21.8504
21.8112
21.8112
21.8112
21.8112
21.8112
21.8112
21.8014
21.8014
21.8112
21.772
21.772
21.7622
21.7426
21.7328
21.7328
21.7328
21.7328
21.723
21.723
21.7132
21.7132
21.7034
21.674
21.6544
21.6446
21.6446
21.625
21.6348
21.6348
21.625
21.6152
21.5956
21.5956
21.5956
21.5956
21.6054
21.5858
21.576
21.5662
21.5564
21.5564
21.5466
21.527
21.527
21.527
21.5074
21.5172
21.5074
21.4976
21.4976
21.4878
21.4682
21.478
21.4682
21.4682
21.4584
21.4584
21.4584
21.4388
21.4388
21.4388
21.4192
21.4094
21.4192
21.4094
21.3604
21.3604
21.3604
21.3506
21.3506
21.3506
21.3408
21.3408
21.3212
21.3114
21.2624
21.282
21.2722
21.2624
21.2624
21.2428
21.2526
21.2428
21.2428
21.2232
21.2134
21.2036
21.2134
21.2134
21.2036
21.1938
21.1644
21.1644
21.1546
21.1644
21.1546
21.1448
21.1448
21.135
21.135
21.1056
21.1154
21.1154
21.1056
21.086
21.0762
21.0762
21.0664
21.0664
21.0468
21.0468
21.0468
21.0566
21.037
21.0468
21.037
21.0076
21.0076
20.9978
21.0076
21.0076
21.0076
20.9782
20.9782
20.9684
20.9684
20.9684
20.9684
20.9684
20.9684
20.9488
20.9488
20.9488
20.9488
20.9488
20.9488
20.9586
20.9586
20.9488
20.9488
20.9292
20.9096
20.9194
20.9096
20.8802
20.8998
20.9194
20.8998
20.89
20.89
20.8802
20.8606
20.8704
20.8312
20.8214
20.8312
20.841
20.8508
20.7626
20.8312
20.841
20.8508
20.8704
20.8508
20.8508
20.8214
20.8116
20.792
20.792
20.792
20.8116
20.792
20.8116
20.792
20.8018
20.792
20.8116
20.792
20.7822
20.7528
20.6842
20.6842
20.7136
20.743
20.7626
20.7528
20.7724
20.7822
20.7822
20.7822
20.7724
20.7822
20.7626
20.7626
20.7724
20.7626
20.7724
20.792
20.7724
20.7822
20.7528
20.7528
20.7528
20.743
20.7626
20.7332
20.7136
20.7332
20.7332
20.7038
20.6842
20.6548
20.6548
20.6548
20.694
20.7038
20.7332
20.7332
20.7136
20.7136
20.7136
20.7136
20.7136
20.7038
20.6352
20.6254
20.645
20.6646
20.6352
20.6352
20.6254
20.6156
20.6058
20.5862
20.596
20.5862
20.6058
20.6254
20.6156
20.6156
20.6058
20.596
20.6058
20.596
20.5666
20.5764
20.5862
20.5372
20.5372
20.498
20.4882
20.4588
20.4686
20.5176
20.5176
20.5274
20.5372
20.5274
20.498
20.4882
20.4588
20.498
20.5078
20.498
20.5078
20.5176
20.5078
20.5176
20.5078
20.498
20.498
20.498
20.5176
20.498
20.5078
20.498
20.4882
20.4882
20.449
20.4588
20.4588
20.4588
23.1244
23.1244
20.4294
20.4196
23.0656
20.4098
22.9774
22.9578
20.4196
22.9284
22.9088
22.8794
22.8794
22.85
22.85
22.8402
20.4196
22.8108
22.8402
20.3902
22.8304
20.3902
22.7716
22.7716
22.752
20.4
22.752
22.7618
22.7324
22.7324
20.3412
22.6834
20.3412
22.6638
20.3608
20.351
22.654
20.351
22.6442
22.654
22.6638
22.6344
22.5854
20.2628
22.5364
20.2922
20.2628
20.2726
20.2628
20.2726
22.507
20.2726
22.5364
20.2824
20.2824
20.2824
20.2824
20.2628
22.4384
20.2236
20.2334
20.204
22.3208
22.3502
22.3404
20.2236
20.2236
20.2138
22.3404
20.2432
20.2432
20.2334
22.3208
20.2432
20.2432
20.2236
20.2236
20.2236
22.2424
22.2228
22.2326
20.155
20.1452
20.1452
20.1648
20.1648
22.262
20.1844
22.2326
20.1942
20.1746
20.1648
22.2718
20.1354
22.2718
20.155
22.2816
20.1648
20.1648
20.1746
22.311
20.1452
22.3502
20.1354
22.3992
20.0962
22.3992
20.0864
20.0766
20.0864
22.507
22.5462
20.106
22.556
20.0962
20.0864
22.605
22.6344
20.057
20.0374
20.0472
20.0472
22.6344
20.0472
22.6932
22.7128
20.0472
20.057
20.0276
20.0276
22.7226
22.752
20.0276
20.0374
22.752
22.7814
20.0472
20.0472
22.8304
20.0374
22.8108
22.8206
22.801
22.8108
22.8206
22.8206
20.008
20.008
19.9982
22.7324
20.0178
20.008
20.0276
20.008
22.8108
19.9884
22.8402
19.9884
19.9786
19.9786
22.8304
19.9688
22.8206
19.91
19.9002
22.7912
22.8206
19.8708
19.8708
19.8806
19.861
19.8806
19.8708
19.8806
22.948
19.91
19.8806
19.8708
19.8708
23.0166
19.861
19.861
19.8414
19.8414
19.8512
22.8108
19.812
19.7924
19.812
22.7324
19.8414
19.8512
19.8708
19.861
19.8806
19.8806
22.605
19.8904
22.6442
19.8708
19.8904
22.6638
19.91
19.8904
19.8904
22.7128
19.8512
19.861
19.8512
19.8512
19.8316
19.812
19.8316
22.7324
19.8512
19.8512
19.8414
19.8316
19.8316
19.8316
19.8218
22.7422
19.812
19.812
19.812
19.812
22.7324
19.812
22.7324
19.812
19.812
19.8022
19.7924
19.7826
19.7924
22.7422
19.812
22.752
19.8022
22.752
19.812
19.8022
22.752
19.8022
19.7924
19.7728
19.7728
19.7434
19.7434
19.7336
19.7532
19.7532
22.8304
19.7434
19.7532
22.85
22.8206
19.7532
19.7532
19.7434
19.7336
19.714
19.7238
19.714
19.7336
19.7434
19.7434
22.8696
22.8696
22.899
19.7434
19.7532
19.7336
19.7042
19.714
19.6944
19.6944
19.6944
19.6944
19.6944
22.9088
19.714
19.6846
19.6944
19.6846
19.6748
19.6748
22.8892
19.6356
22.899
19.616
19.5964
22.8892
19.6356
22.899
22.8892
22.8598
19.6356
22.7912
22.7912
19.616
22.7912
22.8402
22.8206
19.6062
19.5964
22.8108
19.6062
22.8206
19.616
22.8206
19.616
22.7716
22.7324
22.7324
19.5572
19.5572
22.7128
22.7324
22.7324
22.7324
19.5768
19.5768
19.567
22.7128
22.6932
22.7324
19.5278
22.6834
22.7128
22.6932
22.7324
19.5376
19.5376
19.5376
22.7912
22.7716
22.801
22.7912
22.7912
19.5376
22.8206
22.801
19.5572
19.5572
22.85
19.5376
22.8794
19.5278
22.9088
19.518
19.518
22.8696
19.4984
22.9088
19.518
19.518
22.9382
22.9284
22.9578
19.4984
19.5082
19.4984
22.9872
19.469
19.4494
19.4396
19.4396
22.948
22.9578
19.4396
19.4396
19.4396
19.4494
19.4592
23.095
19.4494
23.0852
19.42
19.42
23.0264
19.4102
19.4004
19.42
19.42
19.4102
19.4102
23.1244
19.4102
19.4004
19.371
19.3612
19.3416
19.3416
19.3416
19.3514
19.3416
19.3416
19.3514
23.1342
19.3318
19.3318
23.1244
23.1636
23.1146
19.322
19.3024
19.3122
19.3024
19.2926
19.3024
23.1538
19.3024
19.3024
23.1636
19.3024
23.1832
19.322
19.3024
19.2926
23.2126
19.3024
23.2224
19.2926
23.2126
23.2028
19.273
19.2534
19.2436
23.193
19.2632
19.2534
19.2436
19.2436
19.224
23.1832
19.224
19.2044
19.224
19.2044
19.2044
19.2044
23.0558
19.2044
19.2044
19.1848
19.1848
19.1946
23.0264
22.9676
19.1652
19.1652
19.1554
19.1652
19.1554
19.1652
19.1652
19.175
19.175
19.175
19.1652
19.1652
19.1554
22.9676
22.9872
22.9774
19.1554
19.1456
19.1456
22.9872
22.9774
19.1554
22.997
19.1358
22.997
19.1162
23.0166
19.126
19.1064
23.0068
19.0966
23.0264
19.1064
19.1064
19.1064
23.0264
23.046
23.046
19.1064
19.1064
19.0868
23.0754
19.077
23.0754
23.046
23.0852
19.0672
19.0672
23.0852
19.0672
19.0672
23.0754
19.0476
19.0476
19.0476
23.095
19.0182
23.0754
19.0378
23.095
23.0754
23.0754
23.046
19.0476
23.0264
23.046
19.028
19.0084
18.9888
23.0068
18.9986
22.997
18.9888
18.9888
23.0166
18.9888
18.9888
18.979
18.9692
18.9692
23.0264
18.9594
18.9594
23.0264
22.9872
22.997
23.0068
23.0362
18.9496
18.9692
18.9692
23.0068
23.046
22.997
18.9398
18.9398
18.93
18.93
18.93
22.9186
22.9578
22.9284
22.9774
18.93
18.9202
22.9578
18.93
18.9104
18.93
22.9382
22.948
18.9104
22.9578
18.9104
18.9202
22.948
18.93
18.93
22.9382
22.9186
22.948
22.9284
18.8908
18.8908
22.9186
22.899
22.899
22.8892
18.8614
18.8614
22.9284
22.9284
18.8516
18.8516
22.9284
22.9186
18.832
18.8418
18.8222
18.8222
18.8222
22.8598
22.8892
18.832
18.8222
18.832
18.8222
22.8304
22.8402
18.7928
18.7928
18.7732
18.7732
18.7732
22.7912
22.8206
22.7912
18.7928
18.7732
18.7732
18.7634
18.7536
18.734
22.7716
18.7536
18.7438
18.734
18.734
22.752
18.7438
18.734
22.8108
18.734
22.7814
22.752
18.734
22.7226
22.703
18.7144
18.7046
22.6834
18.6948
18.6948
18.6948
18.685
22.6932
18.6948
18.6948
18.6948
18.6752
22.6344
22.6638
18.6556
22.6736
18.6556
18.6556
18.6458
18.636
18.6164
18.636
18.6556
18.6556
22.5756
22.5952
18.6164
18.6262
18.6164
18.6164
18.6164
18.6164
18.6066
18.6164
18.6262
22.6148
22.6148
22.6344
18.6164
18.6066
18.5968
22.6442
18.5968
18.587
22.5854
18.5968
18.5772
18.5772
22.752
22.8108
18.5772
18.5772
22.7912
18.5772
18.5576
18.5576
22.752
18.5576
22.703
22.7324
22.752
22.7324
22.752
22.7128
22.7226
22.6638
18.5674
18.5674
18.5772
22.654
22.6834
22.6344
22.6736
18.5674
18.5772
22.6834
18.5772
22.6736
18.5772
18.5576
22.6932
22.6638
18.5478
22.703
22.7422
22.7226
22.7324
22.7226
18.5184
22.6932
22.6932
18.5086
22.7324
18.5086
18.4988
22.7226
22.752
22.7324
18.4694
22.7226
22.7128
18.4792
18.4792
22.6932
18.4792
18.489
18.489
18.4988
22.654
18.4792
18.4792
18.4792
18.4596
18.4596
18.4694
18.4596
18.4596
18.4694
18.4792
22.4874
18.4792
18.4694
18.4792
22.4384
18.4596
18.4498
18.44
18.4204
18.4204
18.4302
18.4106
18.44
18.4204
18.44
18.4008
18.4106
18.4106
18.4008
18.4008
18.4106
22.2228
18.4008
18.4008
22.2228
18.4204
18.4204
22.164
18.4008
18.4008
18.4106
18.4106
18.4106
22.1444
22.1738
18.4008
18.391
18.4008
22.115
22.1052
18.4008
22.115
18.391
18.4008
18.3812
18.3812
18.3616
18.3616
22.0268
18.342
18.342
18.3322
18.342
18.3518
21.9876
18.3616
18.3518
22.0072
18.342
18.342
18.342
18.3322
18.3322
22.0464
18.3322
18.3322
22.0856
18.3322
18.3224
18.3224
18.3028
18.3126
18.293
22.1248
18.293
22.1248
18.293
18.293
18.2832
22.1444
18.3028
22.164
18.3224
18.3028
18.293
18.2734
18.2636
18.2636
18.2636
22.1542
18.2636
22.1346
18.2636
22.115
18.2636
18.2734
22.115
18.2734
22.0954
22.0758
18.2734
18.2636
18.2636
18.2636
18.2636
18.2734
18.2636
22.0464
18.2734
18.293
22.0366
18.293
18.2734
18.2636
18.2538
21.919
18.244
18.2342
18.2244
18.2146
21.723
21.7034
21.7328
18.2244
18.2048
18.2244
18.2244
18.2146
18.2048
18.2244
18.2146
18.2244
18.2146
18.2048
18.2048
18.2244
18.2244
18.2244
18.2146
18.2146
18.195
18.1852
18.1852
18.2048
18.1852
18.1656
18.1558
18.1656
18.1754
18.146
18.146
18.1558
18.146
18.1362
18.146
18.1362
18.1166
18.1264
18.1068
18.1068
18.1068
18.0872
18.0872
18.1068
18.1068
18.0872
18.0676
18.0676
18.0676
18.048
18.0676
18.0774
18.0872
18.0676
18.0872
18.0774
18.0676
18.0676
18.0872
18.0676
18.0676
18.0578
18.0578
18.0676
18.048
18.0676
18.0676
18.0382
18.0186
18.0088
17.9892
17.999
18.0088
18.0186
18.0186
18.0186
17.999
17.9892
17.9892
17.9696
17.9696
17.9696
17.9696
17.9696
17.9598
17.9794
17.9794
17.9794
17.95
17.95
17.9402
17.9402
17.95
17.9304
17.9696
17.9696
17.9794
17.95
17.9304
17.9108
17.9304
17.9108
17.9108
17.9108
17.8912
17.8912
17.8814
17.9108
17.9108
17.9108
17.8618
17.8128
17.8324
17.852
17.8618
17.8618
17.8618
17.8716
17.8716
17.8912
17.8814
17.8716
17.8814
17.8716
17.8422
17.852
17.8716
17.8618
17.8618
17.8618
17.8716
