21.8014
122.153
21.7328
21.7426
21.7426
21.7524
21.723
122.153
21.7132
21.723
21.7034
21.7132
21.7328
21.7034
21.7132
21.7034
21.7328
21.7132
21.7034
21.7132
21.7132
122.153
21.7132
21.7034
21.7034
122.153
21.6936
21.6642
122.153
122.153
21.674
21.772
21.7622
21.8014
21.8112
21.8112
21.8112
21.8112
21.8112
21.8112
21.8308
21.9386
21.968
21.9484
21.9288
21.9092
21.9582
21.9288
21.968
21.9778
21.968
122.153
21.968
21.9386
122.153
122.153
22.0464
122.153
21.9876
22.0464
122.153
22.066
22.0562
22.115
22.0856
22.1346
22.1052
22.1248
22.1248
122.153
22.1444
122.153
22.1836
122.153
122.153
22.0464
22.0856
22.0268
22.0856
22.1248
22.066
22.066
122.153
22.0856
22.0856
22.0954
122.153
22.0758
122.153
22.1052
22.066
22.0954
22.0856
122.153
22.0758
22.066
122.153
22.066
22.066
22.066
122.153
22.1052
122.153
22.0562
21.9876
122.153
122.153
22.0464
22.0268
22.0268
22.0072
21.9974
122.153
22.017
122.153
21.9484
122.153
22.0072
122.153
22.0072
22.017
21.9974
21.9876
122.153
21.9484
21.919
122.153
21.8994
21.9092
21.8308
122.153
21.8504
21.8798
122.153
21.87
21.9288
21.8896
21.8896
21.8994
122.153
21.87
21.821
21.8504
21.821
21.8798
21.8602
21.8504
21.8112
21.8112
21.8112
21.8112
21.7916
21.7818
21.7524
21.8112
21.8112
21.8112
21.7622
21.7916
21.8112
122.153
122.153
21.9288
122.153
21.968
22.0072
21.9778
21.919
122.153
21.8112
21.8014
122.153
122.153
21.7916
21.7426
21.6642
21.6446
21.6348
21.6544
21.772
122.153
21.6936
21.7916
21.772
21.8112
21.7818
21.8014
21.9582
21.8406
21.8112
21.7818
21.8112
21.8112
21.8308
122.153
21.8308
122.153
21.8798
21.9092
21.9778
21.9288
21.8896
122.153
21.8112
122.153
21.723
21.7328
21.8112
21.8014
21.8112
21.8112
21.8014
21.87
21.8112
122.153
21.7916
21.772
21.772
122.153
21.6544
122.153
21.6348
21.6446
122.153
21.576
21.576
21.5368
21.4976
21.4976
122.153
21.38
21.3996
122.153
21.38
122.153
21.4388
122.153
122.153
122.153
122.153
21.4878
21.4682
21.478
122.153
21.4976
122.153
21.5172
21.4976
21.478
21.4486
21.429
21.4388
21.4486
21.4976
21.5074
21.527
21.5074
122.153
122.153
21.527
21.5466
21.5564
21.5564
122.153
21.5564
21.576
21.5564
21.5662
21.5662
21.576
21.5564
21.5466
21.5564
21.5466
122.153
122.153
21.5074
122.153
21.5172
21.4976
21.4976
122.153
21.4976
21.5172
21.3996
21.4388
21.4584
122.153
122.153
21.478
122.153
21.5172
122.153
21.5172
122.153
21.5074
21.4976
21.5074
21.5172
21.4976
21.5172
21.4976
21.4976
21.5074
21.478
21.4682
21.478
21.4682
122.153
21.478
122.153
122.153
122.153
21.4878
21.478
21.4878
21.4976
122.153
21.4192
21.4094
122.153
122.153
21.7916
21.8602
21.8798
21.9092
21.9386
22.0072
22.017
22.017
22.0366
22.0562
22.0562
22.066
22.066
22.0856
22.115
22.115
22.1248
22.1052
22.0856
122.153
22.115
22.115
22.115
22.115
122.153
22.1248
22.1248
22.1542
122.153
22.1346
22.1346
22.1346
22.1444
22.1346
22.1346
22.1346
122.153
22.1346
22.115
22.1248
22.115
22.1052
22.066
22.0268
22.017
22.0072
22.0072
22.0072
122.153
122.153
21.9876
21.9876
21.9876
21.9876
21.9876
21.9974
22.0072
22.017
22.0072
22.0072
22.017
122.153
21.9974
22.0072
22.0072
22.0072
22.0072
122.153
22.0072
122.153
22.0072
122.153
122.153
122.153
122.153
122.153
21.968
122.153
122.153
21.9092
122.153
21.9092
21.9092
122.153
21.9092
122.153
21.9092
21.8994
122.153
122.153
21.821
21.8308
21.821
21.8112
21.8308
21.821
21.821
122.153
21.8504
122.153
21.8504
21.8406
122.153
21.8406
122.153
21.8112
122.153
122.153
21.8112
21.8112
21.8112
21.8112
21.8112
21.8112
21.8112
21.8112
21.8112
21.8112
21.8112
122.153
21.8112
21.8014
122.153
21.8112
122.153
21.8112
21.8014
21.7916
21.772
21.772
21.7818
122.153
21.7328
122.153
122.153
21.7524
122.153
21.7818
122.153
122.153
122.153
122.153
122.153
122.153
122.153
122.153
122.153
21.7328
21.723
21.7132
21.6936
21.6936
21.6936
21.674
21.674
21.674
21.674
21.674
21.6642
21.674
21.674
21.674
122.153
21.6348
21.6544
21.6544
21.6348
122.153
21.6152
21.6348
21.6348
122.153
21.6348
21.6348
21.625
21.625
21.625
122.153
21.625
21.6152
21.625
122.153
21.6152
21.6054
21.5956
21.5956
21.576
21.5858
21.576
122.153
21.5858
122.153
21.5956
21.5956
21.5956
21.5858
122.153
21.576
122.153
21.5662
21.5858
21.5858
122.153
122.153
122.153
21.5858
122.153
21.576
21.5564
21.5466
122.153
21.5564
21.5466
21.5368
122.153
21.5172
21.5172
21.5172
21.4976
21.5074
21.5074
21.5172
21.5172
21.5074
21.4976
21.5074
21.4976
21.4976
21.4976
21.4878
21.5074
122.153
21.4976
21.4976
21.5074
21.5172
21.478
122.153
21.4682
122.153
21.4584
21.478
122.153
21.478
21.478
122.153
21.478
122.153
21.4584
21.4584
21.4584
21.4584
21.4584
21.4486
21.4584
21.4682
21.4584
21.4584
21.4682
21.4486
21.4584
21.4584
122.153
122.153
21.4388
122.153
21.4682
21.4584
21.4584
122.153
122.153
21.4192
21.4388
21.4388
122.153
21.4388
21.429
21.4192
21.4192
21.4192
122.153
122.153
21.4192
21.4094
21.4192
21.4192
122.153
21.4192
21.4094
122.153
21.3996
21.3898
122.153
21.3996
21.3996
21.3996
21.3996
21.3996
21.4094
21.3996
21.4094
122.153
21.3702
21.38
122.153
21.38
21.38
21.38
21.3996
21.3996
122.153
122.153
21.38
21.38
21.3604
21.3506
21.3604
21.3604
21.3408
21.3604
21.3604
21.3702
21.3702
21.3604
21.3604
122.153
21.331
21.331
21.3212
21.331
122.153
21.3408
21.3506
21.3408
21.331
21.3212
21.3114
21.3016
21.3114
21.3016
21.3212
21.3016
21.3114
122.153
21.3114
21.3114
21.3016
21.2918
21.2918
21.2918
122.153
21.282
21.282
21.282
21.2918
21.3016
21.3016
21.2624
21.2624
122.153
21.2624
21.2526
21.2624
21.2624
21.2722
122.153
21.2722
122.153
122.153
21.2624
21.2428
21.2428
21.2428
21.2232
21.2232
21.2232
21.2232
122.153
21.2232
21.2134
122.153
21.2036
21.1938
21.184
21.184
21.1938
122.153
21.2036
21.1938
21.1938
21.2036
21.184
21.2036
21.184
21.184
21.1644
21.1644
21.1742
21.1644
21.1644
122.153
21.1546
21.1448
21.135
21.135
21.1448
21.1448
21.135
21.135
21.135
21.1448
21.1448
21.1252
21.1252
21.1056
21.1154
122.153
122.153
21.1154
21.1056
122.153
21.1154
122.153
21.086
122.153
21.0762
21.0762
122.153
122.153
21.086
122.153
21.086
21.086
21.0762
21.0566
122.153
21.0468
21.0566
21.0468
21.0468
21.0664
21.0468
21.0468
21.037
21.037
21.0272
21.0272
21.0468
21.0468
122.153
21.0272
21.0468
122.153
21.0272
21.0272
122.153
21.0174
21.0076
21.0076
20.9978
21.0076
122.153
21.0076
122.153
21.0076
20.988
20.988
20.988
122.153
20.9782
122.153
20.9782
20.9782
122.153
20.9782
20.9684
20.9488
20.939
122.153
20.9488
122.153
122.153
20.9586
122.153
20.9586
122.153
20.9488
20.9488
20.9292
20.9292
122.153
20.9096
20.9194
20.9096
20.9194
20.9096
20.9096
122.153
20.8998
122.153
20.89
122.153
122.153
20.89
20.89
20.89
20.89
122.153
20.8998
20.89
20.8704
20.8704
20.8704
20.8802
122.153
20.8802
20.8704
122.153
122.153
20.8704
122.153
20.8704
122.153
20.8606
20.8704
122.153
20.8508
20.8508
20.8704
122.153
20.8508
20.8312
20.8214
20.8312
20.841
20.8312
20.8312
20.8214
20.8116
20.792
20.8116
20.8116
20.8116
20.792
122.153
20.7822
122.153
20.792
122.153
20.792
20.792
20.792
122.153
20.7822
20.7724
20.7822
122.153
20.7822
20.7724
20.7822
20.7724
122.153
20.7724
122.153
20.7626
20.7528
20.7528
122.153
20.7528
20.7528
20.7528
20.7528
122.153
20.743
122.153
20.7136
20.7332
20.743
20.7332
20.7234
20.743
20.743
20.7332
20.743
20.7332
122.153
20.7136
122.153
122.153
20.7038
122.153
122.153
122.153
20.7136
20.7136
20.694
20.7038
122.153
20.7038
20.6744
20.6744
122.153
20.6744
20.6744
122.153
122.153
20.6744
20.6646
122.153
122.153
20.6548
122.153
20.6548
20.6646
20.6744
122.153
20.6744
122.153
20.6646
20.6646
122.153
20.6548
122.153
20.6548
122.153
122.153
20.6548
20.6548
20.6352
20.6352
20.6352
122.153
122.153
20.6254
20.6352
20.6352
20.6352
122.153
20.6156
122.153
122.153
20.6156
20.6156
20.6058
122.153
20.6156
122.153
20.6058
122.153
122.153
20.596
122.153
20.6058
122.153
20.596
122.153
20.5862
20.5862
122.153
20.596
122.153
20.5862
20.596
122.153
20.5862
122.153
122.153
122.153
20.5666
122.153
20.5764
20.5764
122.153
20.5862
122.153
20.5764
20.5764
122.153
20.5666
122.153
20.5666
122.153
20.5764
122.153
20.5764
20.5666
20.5568
20.5568
122.153
20.547
122.153
20.547
20.5568
122.153
20.547
122.153
20.547
122.153
20.5372
122.153
20.5372
122.153
20.5176
20.5176
20.5176
20.5176
122.153
20.5176
20.5176
20.5078
122.153
122.153
122.153
20.5176
20.5274
122.153
20.5274
20.5274
20.5176
20.5078
20.4882
20.498
122.153
122.153
122.153
122.153
20.498
20.498
20.4882
122.153
20.4882
122.153
20.4784
20.498
20.498
20.498
20.498
20.5078
20.4882
122.153
122.153
20.5078
122.153
122.153
20.498
122.153
20.498
122.153
122.153
20.4784
122.153
122.153
122.153
20.4686
20.4588
20.4588
20.4686
20.4588
20.4588
20.4392
20.4392
20.4588
122.153
20.4392
122.153
20.4588
20.4392
20.4588
20.449
20.449
20.4392
20.4196
122.153
122.153
122.153
20.4196
122.153
20.4
20.4
20.4
20.4098
122.153
20.4
20.4
20.4
122.153
20.4
20.4
20.3902
20.4
20.4
20.3902
20.3804
122.153
122.153
20.3804
20.3804
122.153
20.3608
20.3412
122.153
20.3412
20.3118
20.302
20.302
20.302
122.153
122.153
20.302
20.302
20.3118
122.153
20.3412
20.3314
20.3216
122.153
122.153
20.302
122.153
20.302
20.302
20.302
20.3216
20.302
122.153
20.302
122.153
122.153
122.153
122.153
122.153
20.302
20.2922
122.153
122.153
20.302
20.3118
20.3118
122.153
20.302
20.302
122.153
20.2922
20.302
20.2824
20.2922
122.153
20.2824
122.153
122.153
20.2824
122.153
20.2628
20.2726
122.153
122.153
20.2824
122.153
122.153
122.153
122.153
20.253
122.153
20.2628
20.2824
122.153
20.2628
20.253
20.253
20.253
122.153
20.2432
20.2334
20.2236
20.2236
122.153
122.153
20.2236
20.2138
122.153
20.2236
20.2236
20.2138
20.204
20.204
122.153
20.204
122.153
20.204
122.153
20.204
20.204
20.2138
20.2236
20.2138
122.153
20.2334
122.153
20.2432
20.2432
122.153
20.2432
20.2432
20.2432
20.2432
20.2432
122.153
20.2334
20.2236
20.2138
122.153
20.2236
20.2138
20.2236
20.2236
122.153
20.204
122.153
122.153
122.153
20.1648
122.153
20.1746
20.1746
20.1648
122.153
20.155
122.153
122.153
122.153
20.1452
20.1452
20.1452
20.1452
20.1354
20.1256
122.153
20.1354
20.1256
20.1452
20.1452
122.153
20.1452
20.1354
122.153
20.106
20.0962
122.153
122.153
122.153
20.0766
122.153
20.0668
20.0668
20.057
20.0668
20.0668
20.0668
20.0766
20.0766
20.0864
20.0864
122.153
20.0962
20.0864
20.0864
20.0864
20.0864
20.106
20.0864
20.0864
20.0962
122.153
20.0864
20.0766
20.0668
20.0668
20.0472
20.0276
20.0374
20.0472
20.0276
20.0276
20.0374
122.153
20.0276
122.153
20.0276
122.153
20.0374
20.0472
122.153
122.153
20.0276
20.0178
20.0178
20.008
20.0178
122.153
19.9884
19.9884
19.9884
19.9982
20.008
20.0178
20.0276
20.0276
122.153
20.0374
122.153
20.0276
20.008
122.153
20.0374
20.0374
20.0276
20.0374
122.153
20.0276
122.153
122.153
20.0178
20.008
122.153
122.153
19.9884
19.9982
19.9884
122.153
19.9884
20.008
20.008
122.153
122.153
122.153
19.9884
19.9884
19.9884
19.9884
122.153
19.9884
122.153
19.9884
19.9884
19.9884
19.9786
19.9884
19.9786
19.9786
19.9786
19.9786
19.9786
19.9786
19.9786
19.9786
19.9884
19.9688
19.9688
19.9688
19.9688
19.9688
122.153
19.959
122.153
19.9688
19.9688
19.9492
19.9492
122.153
19.9296
19.9394
19.9394
122.153
19.9296
122.153
19.9296
19.91
19.91
19.9198
122.153
122.153
19.91
19.91
122.153
19.9296
19.9394
122.153
19.9296
19.9394
19.9394
19.9394
19.9296
19.9296
122.153
19.91
19.91
19.9002
122.153
19.9002
19.91
19.91
19.9002
19.91
19.91
19.91
19.9002
19.91
19.9002
19.9296
19.9198
19.9296
122.153
122.153
19.9394
19.9394
122.153
19.91
19.9198
19.9002
122.153
19.91
19.9198
19.91
19.9002
19.9002
19.8904
122.153
122.153
19.8904
19.8806
19.8904
122.153
19.9002
19.9002
19.91
19.91
19.91
19.91
19.9198
19.9198
19.91
122.153
19.91
122.153
19.8904
19.8708
19.8806
19.8904
19.9002
19.8904
19.8904
19.8904
19.8904
122.153
19.91
19.91
19.91
19.9296
19.9198
122.153
19.9296
122.153
19.9296
122.153
19.9492
19.9394
19.9492
19.9688
19.9688
19.9688
19.9688
122.153
122.153
19.9786
19.9786
122.153
122.153
122.153
20.0276
20.0276
20.0472
20.0668
122.153
20.0864
122.153
20.1844
20.2138
20.3118
20.3314
20.3902
122.153
122.153
20.4686
20.498
20.5568
20.5764
122.153
20.6058
20.6548
122.153
20.6646
122.153
20.7234
20.7528
20.8312
20.8704
20.8998
20.9292
20.939
20.9684
122.153
21.0272
21.0566
122.153
21.1056
122.153
21.2036
21.2526
21.3114
21.3604
21.38
122.153
21.4192
122.153
122.153
21.4682
122.153
21.478
21.5074
21.5172
21.5368
122.153
21.5662
122.153
21.5956
122.153
21.674
122.153
21.6936
21.7328
122.153
21.772
122.153
21.7916
21.8112
21.8406
122.153
21.8896
21.9386
21.9288
122.153
21.9484
21.9876
21.9974
122.153
22.066
22.066
22.0954
22.1052
122.153
22.1444
22.213
22.2522
122.153
22.311
22.3502
22.36
122.153
22.3992
122.153
22.4286
22.4384
22.458
22.4776
22.458
22.4678
22.4776
122.153
22.5364
22.556
22.5658
22.556
122.153
122.153
122.153
122.153
22.7422
122.153
122.153
122.153
122.153
122.153
122.153
122.153
22.9382
122.153
22.948
22.9676
22.9872
22.9774
23.095
23.1342
23.1636
23.2028
122.153
122.153
23.2224
122.153
23.291
23.3106
23.3302
23.3498
23.3988
23.4478
122.153
23.5556
23.6242
23.6438
23.6536
23.7124
122.153
23.8006
23.8006
23.8104
122.153
23.8594
23.879
23.879
23.8986
23.9182
23.9868
24.0162
24.0456
24.124
122.153
24.1828
24.2024
24.2024
24.2318
122.153
24.2514
24.418
122.153
24.516
24.5062
122.153
24.5748
122.153
122.153
24.7316
24.761
24.761
24.7806
24.8002
24.859
122.153
24.8884
24.9178
24.9276
24.8982
122.153
24.9374
24.9668
25.006
25.006
25.104
122.153
25.104
25.1334
25.1432
25.1628
25.202
122.153
122.153
25.2804
25.3392
122.153
122.153
25.3882
25.398
25.4176
25.4372
25.4568
25.5156
25.5156
25.545
25.5646
25.5548
122.153
25.6234
122.153
25.6528
25.6724
122.153
25.6724
122.153
25.7116
25.7214
25.7704
25.7606
25.8194
25.8194
25.888
25.8978
25.937
26.0056
25.986
122.153
122.153
26.084
122.153
122.153
122.153
26.2114
26.2408
26.2408
26.2604
26.2996
26.3192
26.3486
26.378
26.4074
122.153
26.4368
26.4368
26.427
122.153
26.4662
122.153
26.5054
26.5446
26.574
26.6132
122.153
122.153
122.153
26.6916
26.6916
122.153
26.7602
26.7896
26.8092
26.8582
122.153
26.917
122.153
122.153
122.153
26.9758
27.0052
122.153
27.0346
122.153
122.153
122.153
122.153
122.153
122.153
122.153
122.153
122.153
122.153
27.2208
27.2306
122.153
122.153
27.3678
122.153
122.153
27.4462
122.153
122.153
122.153
27.5442
122.153
122.153
27.5736
27.5736
122.153
27.603
122.153
27.6128
122.153
27.6226
122.153
27.6814
122.153
27.6912
27.6912
122.153
122.153
27.7794
27.7696
122.153
27.7696
122.153
122.153
122.153
122.153
27.8578
122.153
27.9264
27.8872
27.8676
27.8578
27.8872
27.897
27.9068
27.9166
27.946
27.9656
27.9754
122.153
27.9852
122.153
27.9754
27.9852
27.9852
27.9852
27.995
28.0146
28.0244
122.153
122.153
122.153
122.153
122.153
28.1616
28.1714
28.1616
28.2204
28.2204
28.2302
28.2596
28.24
28.2106
122.153
28.2596
122.153
28.2792
28.289
28.2988
28.2988
28.2988
122.153
28.3478
28.3184
28.3478
28.338
122.153
28.338
28.3478
28.3772
28.387
122.153
28.3968
28.4066
122.153
122.153
28.4262
28.4066
28.3968
28.3968
28.3772
28.4262
122.153
122.153
122.153
28.4948
28.485
28.4752
28.4948
122.153
28.5046
28.4948
28.4948
28.5046
28.5144
28.534
28.5732
122.153
28.6124
28.6516
122.153
28.6516
28.6614
28.6614
28.6712
28.6712
28.6908
28.7202
28.7398
122.153
28.7496
28.7006
122.153
28.7202
28.73
28.7202
28.73
122.153
122.153
28.7496
28.7692
28.7692
122.153
28.73
122.153
28.7594
28.7888
122.153
28.8182
28.8476
28.8966
122.153
28.8868
28.8868
122.153
28.9162
122.153
28.8868
28.8868
28.8868
28.8868
122.153
122.153
122.153
28.9358
28.9358
28.9358
28.9652
28.926
28.926
122.153
28.9064
122.153
28.8476
28.7594
28.7692
28.7986
28.8182
28.8574
28.877
28.8868
28.8868
28.877
28.8966
122.153
28.9162
28.9358
28.9358
122.153
28.8476
122.153
122.153
122.153
122.153
28.8672
28.8672
28.8672
28.8868
28.8966
28.9064
28.9064
122.153
122.153
28.9358
28.8868
28.8966
122.153
122.153
28.8868
122.153
28.8182
28.828
122.153
28.7888
28.7888
28.779
122.153
122.153
28.779
122.153
28.7692
122.153
28.7692
122.153
28.7594
122.153
28.6908
28.6614
28.6124
28.6026
28.5928
28.6026
28.5928
28.534
122.153
28.5438
28.5732
28.5634
28.5928
28.5732
28.534
28.4948
122.153
28.485
28.4654
28.4948
28.485
28.5144
122.153
28.5242
28.4752
28.4752
28.4752
28.4262
28.4458
122.153
28.4556
122.153
28.4556
28.3968
122.153
28.4556
28.3184
122.153
122.153
28.1812
28.1322
122.153
28.1028
122.153
122.153
28.191
122.153
28.191
28.2204
28.1812
28.1616
122.153
28.1616
28.1714
122.153
28.1616
122.153
28.2204
122.153
28.24
122.153
28.2694
28.2792
28.2498
122.153
122.153
28.1812
28.2302
122.153
28.2498
122.153
122.153
28.2596
28.2694
28.289
28.3086
28.2694
122.153
28.289
122.153
28.2792
28.2596
122.153
28.2596
28.2792
122.153
28.2988
122.153
28.2694
122.153
122.153
122.153
28.1224
122.153
28.142
122.153
27.995
122.153
27.8284
27.7794
122.153
27.75
122.153
27.7108
27.6716
122.153
122.153
27.7598
27.7892
122.153
122.153
27.8088
122.153
27.7206
27.701
27.6814
27.6912
122.153
27.799
27.7794
27.7892
27.75
122.153
122.153
27.7206
122.153
122.153
122.153
27.7206
27.7108
122.153
122.153
27.7206
122.153
27.7598
27.7402
27.701
27.701
27.7108
27.6912
27.6618
27.6422
27.6422
27.6226
27.5834
27.5932
122.153
27.5638
27.5442
27.5246
27.5344
27.5148
27.5246
27.505
27.5148
27.5148
122.153
27.4952
27.4854
27.4952
122.153
27.5148
122.153
122.153
27.5148
27.505
122.153
122.153
27.5246
27.5246
27.5246
122.153
27.5246
122.153
122.153
122.153
27.505
27.4854
122.153
27.4658
27.4658
27.4462
27.4168
122.153
27.4168
122.153
27.3972
122.153
122.153
27.3874
122.153
27.3776
27.3776
27.358
27.3482
27.3384
122.153
27.2992
27.2502
27.2208
27.2208
27.2306
122.153
27.211
122.153
27.2208
27.1914
122.153
122.153
27.1522
122.153
27.1424
122.153
122.153
27.1032
27.0934
27.0836
27.1032
27.1228
27.113
27.1032
27.1032
27.1032
122.153
122.153
27.0934
27.1032
122.153
27.064
27.0444
27.0248
122.153
27.0444
27.0248
27.0444
27.0248
26.9856
27.015
122.153
27.0052
27.0052
27.0052
122.153
27.0052
27.015
27.015
122.153
27.015
27.0052
26.9856
26.9856
122.153
122.153
26.9366
26.9366
122.153
122.153
26.917
122.153
26.9268
122.153
122.153
122.153
26.9072
26.8876
26.8778
26.8484
26.8484
26.8288
26.8386
122.153
26.8092
122.153
26.7994
122.153
26.7798
26.77
122.153
26.7308
26.7308
26.721
26.7112
122.153
26.7112
26.6916
122.153
122.153
26.6818
122.153
26.6328
26.623
122.153
26.6034
26.5838
26.5642
26.5446
26.5348
26.5152
26.5054
122.153
26.476
26.4564
26.4564
26.4564
26.4564
26.4368
26.4172
26.4172
26.4074
122.153
26.3878
122.153
26.378
122.153
122.153
26.3584
122.153
26.3486
26.3486
122.153
26.3388
26.3486
122.153
26.3192
26.2996
26.2996
26.28
26.2604
122.153
26.1918
26.1918
122.153
122.153
122.153
122.153
26.133
122.153
26.1134
122.153
122.153
26.0644
26.0252
122.153
25.9664
122.153
25.9566
25.937
122.153
122.153
122.153
25.888
122.153
25.8488
25.839
122.153
25.8194
25.8194
25.8194
122.153
122.153
122.153
25.7312
25.7116
25.692
25.6822
25.6724
25.6528
25.643
25.6332
122.153
25.594
25.594
25.594
25.5842
122.153
122.153
25.5352
122.153
25.5254
25.5156
25.496
122.153
122.153
122.153
25.4666
25.447
122.153
25.3588
25.3196
25.3
25.2902
25.2804
25.2804
122.153
25.2706
25.2412
25.2314
25.2314
25.2118
25.1824
122.153
25.153
122.153
122.153
122.153
122.153
25.0844
25.0746
25.0746
122.153
25.0256
122.153
24.9864
122.153
122.153
122.153
122.153
24.9178
24.8688
24.8688
24.859
24.8492
122.153
122.153
24.8198
122.153
122.153
24.7708
122.153
122.153
122.153
122.153
24.7218
24.6924
24.663
122.153
24.6532
24.6336
122.153
24.6042
24.6042
24.5944
24.5846
122.153
122.153
24.5356
24.5356
122.153
24.5258
24.516
24.4866
24.4572
122.153
122.153
24.418
24.4082
24.3886
24.369
24.3592
24.3004
24.2808
122.153
24.2612
24.2318
24.2122
24.2122
24.1828
24.1926
24.1828
24.1632
24.1534
24.1436
122.153
24.124
24.1142
122.153
24.0652
24.0554
122.153
24.0456
24.0358
24.0162
24.0064
24.0064
23.9868
122.153
23.977
23.977
122.153
23.9378
23.9182
23.9084
23.8888
23.8692
23.8692
23.8594
23.8594
23.83
122.153
122.153
23.8104
23.8006
23.781
122.153
122.153
23.7614
23.7516
122.153
23.7124
23.7124
23.7124
23.7026
23.6928
23.6536
122.153
23.6438
122.153
23.6144
122.153
23.5948
23.6046
23.6046
23.5948
23.585
23.5752
122.153
23.536
122.153
23.536
23.5164
23.5262
23.5164
23.487
23.4674
23.4674
23.4674
23.438
122.153
23.3988
122.153
122.153
23.3694
23.3792
23.3596
23.3596
23.3596
23.3498
122.153
122.153
23.3204
23.3204
23.3204
23.3204
23.3008
23.291
122.153
23.3008
23.3008
23.3008
122.153
23.2812
23.2812
122.153
23.2616
23.2616
122.153
23.2224
23.2224
23.2028
23.2028
122.153
23.193
122.153
122.153
122.153
23.1734
23.1636
122.153
122.153
23.144
23.144
23.1244
23.1244
23.1244
23.1146
23.1146
122.153
23.1048
23.1146
122.153
122.153
23.0656
23.0656
23.0656
122.153
122.153
23.0656
23.046
23.046
23.0166
22.9872
122.153
22.9872
22.9774
22.9774
122.153
122.153
22.9676
22.9382
22.9382
22.9186
122.153
22.9284
22.9088
22.9088
22.9088
122.153
22.8892
22.8892
22.8794
22.8696
122.153
22.85
122.153
22.85
22.8402
122.153
122.153
22.8304
122.153
122.153
22.8206
22.801
22.7716
22.7716
22.7912
22.7716
22.7716
22.7716
122.153
22.7618
122.153
22.752
122.153
122.153
22.752
22.7618
122.153
122.153
22.7422
122.153
122.153
122.153
122.153
22.6932
22.6932
22.6736
22.6736
22.6736
22.6638
22.6638
22.654
122.153
22.6344
22.6344
122.153
122.153
22.6148
22.6148
122.153
22.605
22.6246
22.605
122.153
22.605
22.605
122.153
22.5952
22.5854
122.153
22.5756
22.5756
22.5658
22.556
22.556
122.153
22.5364
22.5266
22.507
22.5168
22.5168
22.507
22.507
22.507
22.507
122.153
22.4972
22.4874
22.4874
22.4678
122.153
122.153
122.153
122.153
22.458
122.153
22.458
22.458
22.458
122.153
22.458
22.4384
22.4384
22.4384
22.4188
22.4188
122.153
22.409
22.409
22.3992
22.3796
122.153
122.153
22.3502
22.3502
22.3502
22.36
22.3502
122.153
22.36
22.3502
22.3502
22.36
22.3502
22.3306
122.153
22.3208
22.3208
22.3208
122.153
122.153
22.3012
22.2816
122.153
22.2718
22.2718
22.2718
22.262
22.262
22.2718
22.262
122.153
22.262
122.153
22.2424
22.2326
22.213
22.2228
22.2032
22.2228
122.153
22.213
122.153
22.2228
22.2228
22.2228
122.153
22.2228
122.153
22.2228
22.213
22.2032
22.2032
122.153
122.153
22.2032
122.153
122.153
22.164
22.1542
122.153
122.153
22.1444
122.153
22.1444
122.153
122.153
22.1346
122.153
22.1444
122.153
22.1444
122.153
122.153
22.1444
22.1346
22.1346
22.115
22.115
22.115
22.1248
22.115
22.1052
122.153
22.1052
122.153
22.0758
22.066
22.066
22.0464
22.0562
22.0464
22.0562
22.066
22.0464
122.153
22.0562
122.153
22.0562
122.153
122.153
122.153
122.153
122.153
122.153
22.0268
22.017
22.017
122.153
22.0268
22.017
22.017
21.9974
122.153
122.153
21.968
21.9778
21.9582
21.968
21.9582
122.153
21.9288
122.153
21.9288
21.919
21.9092
122.153
21.919
21.9092
21.9092
122.153
21.8896
21.8896
21.8896
21.8798
21.8896
21.8798
21.8798
122.153
21.87
122.153
21.8504
21.8406
122.153
21.8504
21.8504
21.8504
122.153
122.153
21.8504
21.8308
21.8504
122.153
122.153
122.153
122.153
21.8504
21.8504
122.153
21.821
21.8406
21.821
21.8112
21.821
122.153
21.8112
21.8112
21.8112
122.153
21.8112
122.153
21.8112
122.153
21.7916
122.153
21.7916
21.7916
21.7916
122.153
122.153
122.153
21.7916
122.153
21.772
122.153
122.153
21.772
122.153
21.772
122.153
21.7622
122.153
122.153
21.7622
122.153
122.153
122.153
21.7524
122.153
21.7328
122.153
21.6936
21.6838
21.674
21.674
122.153
21.6544
21.6544
21.6642
21.6642
21.6642
21.6642
122.153
21.6446
21.6544
122.153
21.6544
21.6544
21.6544
21.6544
21.6348
21.6348
21.6348
21.625
122.153
21.6054
122.153
21.5956
21.5956
21.5956
21.576
21.576
122.153
21.576
21.576
122.153
122.153
21.5368
21.576
21.5564
21.5564
21.5662
21.576
21.5662
122.153
21.5564
21.5564
21.5466
21.5466
21.5368
21.5466
21.5368
21.527
21.527
122.153
122.153
122.153
21.478
122.153
21.4878
21.478
21.478
21.4682
21.4682
122.153
21.4584
21.4486
21.4486
122.153
21.4388
21.4388
21.4486
122.153
21.4584
122.153
21.4584
21.4584
21.4584
122.153
21.4388
122.153
21.4486
122.153
21.429
21.429
21.4388
122.153
21.429
21.4192
21.4192
21.4094
21.4192
21.3898
21.38
122.153
122.153
21.38
21.38
122.153
21.38
122.153
21.3898
21.38
21.38
122.153
21.3702
122.153
122.153
21.3604
122.153
21.3604
21.3604
122.153
21.3506
122.153
21.3408
21.3506
21.3506
21.3408
21.3408
21.3408
21.3408
122.153
21.3212
21.3212
21.3212
21.3114
21.3016
21.3016
21.2918
21.3016
122.153
21.3016
122.153
122.153
21.3016
21.3016
21.3016
122.153
21.282
122.153
21.282
21.282
21.2624
122.153
21.2624
21.2624
122.153
21.2624
21.2526
21.2526
21.2428
21.2428
21.2428
21.2232
21.233
21.233
21.2232
21.2232
21.2134
21.2232
21.2134
21.2134
122.153
122.153
21.2134
21.2134
21.2036
21.2036
21.2036
122.153
21.184
21.184
21.1644
21.1644
21.1644
122.153
21.1644
21.1742
21.1644
21.1644
21.1644
122.153
122.153
21.1644
21.1644
21.1546
21.1448
21.1448
21.1546
122.153
21.1448
21.1448
21.1546
122.153
21.1644
21.1448
122.153
21.1448
122.153
21.1252
21.1056
122.153
21.1056
21.1056
21.1154
21.1056
21.0958
21.0958
21.086
122.153
21.086
21.086
21.0958
21.086
21.086
21.0958
21.086
122.153
21.0762
21.0664
21.0762
21.0664
122.153
21.0664
21.0664
21.0664
21.0664
21.0664
122.153
21.0664
21.0566
122.153
21.0566
122.153
122.153
21.0272
21.0272
21.0174
21.0174
21.0076
21.0174
21.0076
20.9978
20.988
20.9978
21.0076
20.988
20.9978
20.9782
20.9782
122.153
20.9782
122.153
20.9684
122.153
20.988
122.153
20.9782
122.153
20.988
122.153
122.153
20.9684
122.153
122.153
20.9684
20.9586
122.153
20.9488
20.9586
20.9488
20.939
20.9292
20.9292
122.153
20.9096
20.89
20.8998
20.89
20.8704
20.8704
20.8606
122.153
20.8508
20.8508
122.153
20.8508
20.841
20.8508
20.8508
122.153
20.8508
122.153
20.8508
122.153
20.8704
20.8606
20.8508
20.8606
122.153
20.8606
122.153
122.153
20.841
20.841
20.841
20.8312
20.8312
122.153
20.8116
20.8116
20.8116
20.8018
122.153
20.792
20.792
122.153
20.8018
122.153
20.8018
20.7822
20.7822
20.7724
20.7724
20.7822
20.7724
20.7724
20.7724
122.153
122.153
20.7822
122.153
20.7724
20.7724
20.7626
122.153
20.7528
20.743
20.7332
122.153
20.743
122.153
20.7234
122.153
20.7136
122.153
122.153
20.7136
122.153
20.7136
20.7136
122.153
20.7038
122.153
20.694
122.153
122.153
122.153
122.153
20.694
20.694
20.6744
122.153
20.6744
20.6646
20.6548
20.6548
20.6548
20.645
20.645
122.153
122.153
20.6352
122.153
20.6254
122.153
20.6352
122.153
20.6352
20.6254
122.153
20.6254
122.153
20.6058
122.153
20.6156
122.153
20.6156
122.153
20.6156
122.153
122.153
20.596
20.5764
122.153
20.5764
20.5568
20.5764
20.5666
122.153
20.5666
20.547
20.5568
20.5372
122.153
20.5176
122.153
122.153
20.5274
122.153
20.5372
20.5274
122.153
122.153
20.5274
122.153
20.5176
122.153
20.5176
122.153
20.5176
122.153
20.498
122.153
122.153
20.5078
122.153
20.5078
122.153
122.153
20.4784
20.4784
122.153
122.153
20.4882
20.4882
20.4686
20.4784
20.4784
20.4686
20.4784
20.4784
20.4588
20.4588
122.153
20.4686
20.449
20.449
20.4392
20.449
122.153
20.4392
20.4392
20.4392
20.449
20.449
20.4392
20.4294
122.153
20.4392
20.4392
20.4392
20.4392
20.4294
20.4294
20.4392
20.4196
20.4294
20.4196
20.4196
20.4294
20.4196
20.4196
122.153
20.4098
20.4
20.4098
20.4
20.4
20.4
20.3804
20.3804
122.153
20.3804
20.3804
20.3706
20.3608
122.153
20.3706
122.153
20.3706
122.153
20.3608
20.3608
20.3608
20.3608
20.351
20.3608
122.153
20.351
20.3412
122.153
122.153
20.3216
122.153
122.153
20.3118
20.302
122.153
122.153
20.302
20.302
20.302
20.302
122.153
20.302
20.302
20.302
122.153
122.153
20.2824
122.153
20.2824
122.153
20.2726
122.153
20.2824
122.153
20.2628
122.153
20.2628
122.153
122.153
20.2628
122.153
20.2628
122.153
122.153
122.153
122.153
122.153
122.153
20.2334
20.2334
20.2236
122.153
20.2236
122.153
20.2334
122.153
20.2236
20.2236
122.153
20.2138
122.153
122.153
122.153
122.153
20.2138
122.153
20.1942
20.204
20.1942
20.1942
20.1844
122.153
122.153
20.1844
20.1746
20.1844
122.153
20.1648
122.153
122.153
20.155
20.1452
122.153
20.1452
20.1452
20.1452
20.1452
20.1354
20.1256
20.1256
122.153
122.153
122.153
122.153
20.1158
20.1158
122.153
20.106
20.0864
122.153
20.0864
122.153
20.0864
20.0864
20.0864
122.153
20.0864
20.0668
122.153
20.0668
20.057
20.0668
122.153
122.153
122.153
20.0668
20.057
20.057
20.0472
20.0472
20.0472
122.153
122.153
122.153
122.153
20.0472
20.0374
122.153
122.153
20.008
122.153
20.0178
122.153
122.153
122.153
122.153
20.008
122.153
122.153
122.153
19.9884
122.153
19.9884
19.9884
122.153
19.9884
19.9786
19.9884
19.9884
19.9786
19.9688
19.9786
19.9786
19.9688
19.9688
19.9688
19.9786
122.153
19.959
19.9492
122.153
122.153
19.9492
19.9492
122.153
122.153
122.153
19.9296
122.153
19.9296
122.153
19.9394
19.9394
19.9394
122.153
19.9394
122.153
19.9296
19.9296
19.9394
122.153
122.153
19.91
19.91
122.153
122.153
122.153
122.153
122.153
19.8904
19.8904
19.8904
122.153
122.153
122.153
19.8708
122.153
19.8904
19.8708
19.8904
122.153
122.153
122.153
19.8708
19.8708
122.153
122.153
19.8512
122.153
122.153
19.8414
19.8316
19.8414
122.153
122.153
122.153
122.153
19.8512
19.8316
122.153
19.8316
19.8512
19.8316
122.153
19.8316
19.8316
122.153
19.8316
19.8316
122.153
122.153
19.8316
122.153
19.8316
19.8414
122.153
122.153
19.8218
122.153
19.8218
122.153
19.8218
19.8316
19.8414
19.8316
122.153
122.153
19.8316
122.153
122.153
122.153
19.8414
19.8316
122.153
19.8512
19.8512
122.153
122.153
19.861
19.8512
19.8414
122.153
19.8512
19.8512
122.153
122.153
122.153
19.861
122.153
19.861
122.153
19.861
19.8512
19.8708
19.8708
122.153
19.8708
122.153
19.8904
19.8904
122.153
122.153
122.153
19.91
122.153
19.9688
19.959
122.153
19.9786
122.153
122.153
122.153
19.9786
19.9786
19.9884
122.153
19.9884
19.9884
122.153
122.153
20.0178
122.153
122.153
20.0472
20.057
20.057
122.153
20.0472
20.0472
20.0472
122.153
20.0472
122.153
20.0668
20.0962
20.106
122.153
20.1354
20.155
122.153
20.1844
122.153
20.2138
20.2432
122.153
122.153
20.2922
20.3216
122.153
122.153
122.153
20.4294
122.153
20.4784
20.5372
122.153
122.153
20.6156
20.645
20.6744
20.7038
122.153
20.7626
122.153
122.153
122.153
20.8312
20.8802
122.153
20.9292
20.988
122.153
21.0468
21.0664
21.0958
21.1154
21.1448
122.153
122.153
21.184
21.2134
122.153
122.153
21.3702
21.3898
21.4388
122.153
21.4486
122.153
21.4682
122.153
122.153
21.5368
122.153
21.576
122.153
21.6152
21.625
21.6544
122.153
21.7426
21.772
122.153
21.8014
21.8112
21.8112
21.8308
122.153
21.9092
21.9974
22.0072
122.153
122.153
22.066
122.153
22.0954
122.153
22.1248
122.153
122.153
22.1738
122.153
122.153
122.153
22.3992
22.4188
122.153
22.4776
22.5364
122.153
22.556
22.5952
22.5952
22.6148
22.6442
22.7324
122.153
22.8108
22.8304
122.153
22.8206
122.153
22.8598
122.153
22.8696
122.153
22.8892
122.153
22.8794
22.8696
22.9088
22.9088
122.153
22.9382
22.9872
23.0362
23.0754
122.153
122.153
23.193
122.153
23.3106
23.34
23.3596
23.3792
23.3792
122.153
23.3988
122.153
23.4184
122.153
23.438
122.153
122.153
122.153
23.536
122.153
23.6144
122.153
23.6144
23.6242
23.6438
23.6536
23.7222
23.7124
23.7516
122.153
23.8692
122.153
23.9476
122.153
23.9378
122.153
24.0064
122.153
24.0456
122.153
24.0456
122.153
24.0946
122.153
122.153
122.153
24.1828
122.153
24.2024
122.153
24.222
24.2514
122.153
24.3102
122.153
24.3298
122.153
122.153
122.153
24.3886
122.153
24.4278
24.418
122.153
24.4278
24.4572
122.153
24.5356
122.153
24.4964
122.153
24.6434
122.153
24.6924
122.153
122.153
24.7708
122.153
122.153
24.8688
24.8786
24.9178
122.153
25.006
122.153
25.0452
122.153
122.153
25.104
25.1432
122.153
25.104
122.153
25.1432
122.153
122.153
122.153
122.153
25.2804
25.3294
25.3294
122.153
25.3882
25.3882
25.3588
25.3784
25.3686
25.3686
25.3392
122.153
122.153
25.4078
25.4078
25.4568
25.4862
122.153
25.5352
25.5352
122.153
25.5548
122.153
25.5058
122.153
122.153
25.496
25.4666
25.4666
25.496
25.5058
122.153
25.5646
25.5842
122.153
25.5842
122.153
122.153
25.7214
25.7704
122.153
25.8194
122.153
122.153
122.153
122.153
25.8292
122.153
122.153
122.153
26.0154
26.035
122.153
26.0938
122.153
26.2016
122.153
26.2408
26.2898
122.153
122.153
26.3486
122.153
26.3878
26.3976
122.153
26.427
26.4564
26.4466
26.4564
26.4662
122.153
26.476
26.4956
26.525
122.153
26.5348
26.5642
26.5838
26.5936
122.153
26.5838
26.574
26.5936
26.5936
122.153
26.6034
26.6426
26.6426
26.6132
26.6328
26.6034
26.6328
26.6916
26.721
26.7308
26.7602
26.7798
26.7994
26.7896
122.153
26.8092
26.9072
122.153
26.966
122.153
122.153
122.153
27.0836
122.153
26.9562
26.9954
122.153
26.9856
122.153
27.0052
27.0052
27.0248
122.153
27.064
122.153
27.162
122.153
122.153
122.153
27.2894
27.3188
122.153
27.3384
122.153
27.3678
27.358
27.3678
27.3776
27.407
27.4462
27.4952
27.5344
27.5246
122.153
27.5344
27.5344
27.5246
27.5344
27.5442
27.5638
27.5442
122.153
27.5442
27.554
122.153
27.554
122.153
27.5442
122.153
27.554
27.5638
27.5736
122.153
27.5736
122.153
27.5736
27.5932
27.6226
27.603
27.5932
27.554
27.4854
27.505
122.153
27.4952
27.4364
27.3972
27.456
27.4756
122.153
27.5148
27.505
27.5246
27.5834
122.153
27.5442
27.5736
122.153
27.5932
27.7402
122.153
122.153
122.153
122.153
122.153
122.153
27.9166
27.9558
27.9656
27.9852
28.0146
28.0146
28.0342
28.0342
122.153
28.0538
28.0832
28.1322
28.1224
28.1322
122.153
28.1518
122.153
28.191
28.2008
28.2008
28.2204
122.153
28.2498
28.289
122.153
28.3184
122.153
28.3184
122.153
28.436
122.153
122.153
122.153
28.289
122.153
122.153
28.191
28.2498
28.3086
122.153
122.153
122.153
28.4066
28.436
28.436
122.153
122.153
122.153
28.4948
28.4948
28.4262
122.153
122.153
28.5046
28.5046
28.5242
28.5438
28.5438
28.5438
122.153
28.5634
122.153
28.5536
28.5928
28.583
28.5634
28.5438
122.153
28.5438
28.5732
122.153
28.5928
28.6026
28.6222
122.153
28.6222
28.6418
28.6222
28.6222
122.153
28.632
122.153
122.153
28.6026
122.153
28.6418
28.632
28.632
28.681
122.153
122.153
122.153
28.7006
122.153
28.7104
122.153
122.153
28.6908
28.6908
122.153
28.681
122.153
122.153
122.153
122.153
28.7104
28.7202
28.7398
122.153
122.153
122.153
28.7496
28.73
28.7496
28.7594
28.7692
122.153
122.153
28.7692
28.7496
122.153
28.73
122.153
122.153
28.7202
28.7104
28.7692
122.153
28.7594
28.7692
28.7888
28.8182
28.7692
122.153
28.73
28.6418
122.153
122.153
28.6124
122.153
28.7104
28.6614
28.6418
28.7104
28.7398
28.681
28.6712
28.6516
122.153
122.153
28.583
28.5928
28.534
122.153
28.4556
28.4458
122.153
28.338
28.3772
122.153
122.153
28.5046
28.5634
28.5732
28.5928
28.5536
28.5438
122.153
28.4556
28.3772
28.3772
122.153
122.153
122.153
28.3576
28.4262
122.153
28.4654
28.4556
122.153
28.4458
28.4752
28.5046
122.153
28.5144
28.5536
28.583
122.153
28.5634
28.5438
28.5046
28.5046
122.153
122.153
122.153
122.153
122.153
28.1812
28.1812
122.153
28.2694
28.2596
122.153
122.153
28.24
122.153
28.2008
28.191
122.153
122.153
122.153
28.1518
28.1616
28.142
28.1616
28.1616
122.153
28.1322
122.153
28.1616
28.191
122.153
28.2302
28.2498
122.153
122.153
28.2694
122.153
28.2596
122.153
28.191
28.191
28.1322
28.142
28.2106
28.2106
28.2302
122.153
28.2498
28.2008
28.1322
28.1126
28.1224
28.1518
28.2008
122.153
28.1812
28.2204
28.2694
28.1616
28.142
28.1322
122.153
122.153
28.1616
122.153
122.153
28.1616
122.153
28.044
122.153
28.0342
28.044
122.153
28.0048
122.153
122.153
122.153
122.153
122.153
27.9362
27.9264
27.9264
122.153
27.9656
122.153
27.946
122.153
122.153
122.153
27.9166
27.9264
122.153
27.9656
122.153
27.9656
122.153
122.153
122.153
122.153
27.9264
122.153
122.153
27.848
122.153
122.153
122.153
27.7206
122.153
27.7206
27.7206
122.153
27.7108
27.7304
27.7402
27.75
27.7402
27.7206
27.7108
27.7108
122.153
27.701
27.6912
27.6716
27.652
122.153
122.153
122.153
122.153
27.6324
27.6226
27.5834
27.5932
122.153
122.153
27.6226
27.603
27.5932
122.153
122.153
122.153
122.153
27.5736
27.5736
27.554
27.5638
122.153
27.554
27.5344
27.5246
122.153
122.153
27.4952
122.153
122.153
27.4364
27.4266
