27.4168
27.407
27.407
27.3972
122.153
122.153
27.358
122.153
27.2992
27.2894
27.26
27.2404
27.2208
27.2012
27.1816
27.1816
122.153
122.153
27.1326
122.153
27.1326
27.1326
27.1228
27.1228
27.113
27.1228
27.1326
27.1228
27.1032
122.153
27.0248
27.0052
26.9758
122.153
26.9268
26.917
26.9268
26.9268
122.153
26.9366
26.9464
26.9562
26.9562
26.9562
122.153
26.9562
122.153
26.966
26.9562
122.153
26.9268
122.153
26.917
122.153
122.153
122.153
26.8974
122.153
122.153
122.153
26.7994
26.7798
26.8288
26.8288
26.8386
26.8288
26.8582
26.8778
26.8778
122.153
122.153
26.9072
26.917
122.153
26.9562
26.9072
26.8974
26.868
26.8386
122.153
26.7994
26.7896
26.7798
122.153
122.153
26.7798
26.6426
122.153
122.153
26.133
122.153
122.153
122.153
122.153
24.4768
24.4082
122.153
24.2416
122.153
23.9672
23.8104
23.6634
122.153
23.438
23.3596
23.2714
122.153
122.153
122.153
122.153
22.8108
122.153
122.153
22.5952
122.153
22.4972
122.153
122.153
22.4482
22.3502
22.3012
122.153
22.017
21.9778
122.153
21.8308
21.8112
21.7818
122.153
21.7328
122.153
21.674
122.153
122.153
122.153
122.153
21.331
122.153
122.153
122.153
122.153
122.153
21.2722
21.282
122.153
21.3506
21.38
21.38
122.153
122.153
21.2624
122.153
21.135
21.086
21.0664
122.153
20.9684
20.89
20.8312
20.792
122.153
20.694
122.153
20.6842
20.7332
20.792
20.8508
20.89
20.9096
20.9292
20.9684
122.153
21.0272
122.153
21.1056
21.1546
21.1644
21.1644
122.153
122.153
21.2722
122.153
21.3506
122.153
21.4094
122.153
122.153
21.527
21.5466
21.5564
21.5956
21.5956
122.153
122.153
122.153
21.6544
21.674
21.6936
21.7132
21.7328
21.7524
21.7916
21.8112
21.8112
21.8014
21.8112
21.8014
21.8112
21.821
21.8112
21.8112
21.821
21.8112
21.8308
21.8406
21.8308
122.153
21.7916
122.153
122.153
21.8112
21.821
122.153
21.8308
122.153
21.8112
122.153
21.821
21.8112
21.8504
21.87
21.8798
21.8112
21.8112
122.153
21.87
122.153
21.8406
21.8602
21.8112
122.153
21.8308
21.8308
122.153
21.87
122.153
122.153
122.153
21.821
21.8112
21.821
21.8112
21.8308
122.153
21.772
122.153
122.153
21.7524
122.153
21.7132
21.723
21.6838
122.153
21.7034
21.7328
21.7524
122.153
122.153
21.8112
122.153
21.8112
21.8112
21.8308
21.8896
122.153
122.153
122.153
21.8504
122.153
21.8504
21.821
21.8308
21.8112
21.8112
21.8112
21.8308
21.8994
21.8896
122.153
21.9484
22.0464
122.153
22.311
122.153
22.4482
22.3992
122.153
22.5756
22.7226
122.153
22.5854
22.6148
22.7226
22.899
122.153
22.9872
122.153
22.7618
122.153
122.153
22.7226
22.7226
22.6736
122.153
22.6148
122.153
22.6736
22.997
23.144
122.153
23.1244
23.046
122.153
22.9186
122.153
23.046
22.948
122.153
122.153
122.153
122.153
23.0264
122.153
122.153
122.153
23.3694
122.153
122.153
122.153
122.153
122.153
23.3498
122.153
122.153
23.3596
23.3792
122.153
23.2616
122.153
23.2518
122.153
122.153
122.153
22.3502
22.3012
122.153
22.0856
22.017
122.153
122.153
21.9288
122.153
21.8994
122.153
21.9092
122.153
122.153
122.153
122.153
122.153
122.153
22.1248
122.153
122.153
22.1346
122.153
22.1052
122.153
122.153
122.153
122.153
22.0268
22.0464
22.0856
21.9974
122.153
122.153
21.8602
122.153
21.8112
122.153
122.153
21.7916
122.153
21.7524
122.153
21.723
122.153
21.6642
122.153
122.153
122.153
21.6152
122.153
122.153
122.153
21.625
122.153
122.153
21.6152
122.153
122.153
122.153
21.5564
122.153
21.6054
122.153
21.6446
21.674
122.153
21.6054
21.5956
122.153
122.153
21.478
21.4094
122.153
21.4486
122.153
21.478
122.153
21.4388
122.153
21.4192
21.3702
21.3212
122.153
122.153
122.153
21.1252
122.153
21.086
21.0664
21.0468
122.153
122.153
21.0272
122.153
21.0174
21.0174
20.9782
20.988
20.9684
20.9684
122.153
122.153
20.988
122.153
20.9586
20.988
21.0076
20.9586
122.153
122.153
122.153
122.153
20.9684
20.9488
20.939
122.153
20.8312
20.8312
20.8312
20.8606
20.8704
122.153
122.153
20.8704
122.153
20.8606
122.153
122.153
20.8508
122.153
20.8508
122.153
20.8312
20.8312
122.153
20.8214
122.153
20.841
20.841
20.8508
20.8508
122.153
122.153
122.153
122.153
20.841
122.153
20.8508
122.153
20.8312
20.8312
20.841
20.841
122.153
20.8312
122.153
122.153
20.8508
20.8508
122.153
122.153
20.8312
20.841
122.153
122.153
20.8116
122.153
122.153
20.8018
122.153
122.153
122.153
122.153
122.153
20.8214
20.8018
122.153
20.8116
122.153
122.153
122.153
20.8018
122.153
20.792
122.153
122.153
20.7724
20.7822
122.153
122.153
122.153
122.153
20.792
20.7234
122.153
20.7234
20.7528
122.153
122.153
122.153
122.153
20.7332
122.153
20.7234
122.153
122.153
20.7234
20.7332
20.7528
20.7332
122.153
20.743
122.153
122.153
20.7234
122.153
122.153
122.153
20.7332
122.153
20.7332
20.743
122.153
20.7528
20.8312
122.153
122.153
21.233
122.153
21.2624
122.153
122.153
21.2918
122.153
21.3212
21.3212
122.153
21.3408
122.153
122.153
21.3996
122.153
21.3604
21.2918
21.282
122.153
122.153
122.153
122.153
122.153
122.153
21.2134
21.2036
122.153
122.153
21.1938
21.184
122.153
21.184
21.1938
21.184
21.184
21.184
122.153
21.184
122.153
21.184
21.184
21.184
122.153
21.1938
21.1938
21.184
122.153
122.153
122.153
122.153
21.1938
21.184
122.153
21.1742
122.153
122.153
21.1742
122.153
122.153
122.153
21.1938
21.2036
122.153
21.2036
122.153
21.2036
122.153
122.153
122.153
21.2428
122.153
122.153
122.153
21.2624
122.153
122.153
122.153
122.153
122.153
122.153
122.153
122.153
21.282
122.153
122.153
122.153
21.282
122.153
122.153
122.153
21.2624
21.2624
21.2428
122.153
122.153
122.153
122.153
122.153
122.153
122.153
122.153
122.153
122.153
122.153
21.282
21.2624
122.153
122.153
122.153
122.153
122.153
122.153
122.153
122.153
122.153
122.153
122.153
122.153
122.153
122.153
122.153
21.2232
122.153
122.153
122.153
122.153
122.153
122.153
122.153
122.153
122.153
122.153
21.233
122.153
122.153
21.2134
122.153
21.2134
122.153
21.2134
122.153
122.153
122.153
122.153
122.153
122.153
122.153
21.2232
122.153
21.2232
122.153
122.153
122.153
21.2232
122.153
21.2036
122.153
122.153
122.153
122.153
122.153
21.1938
122.153
122.153
21.1938
122.153
122.153
122.153
122.153
122.153
122.153
21.184
122.153
122.153
122.153
122.153
122.153
122.153
21.184
122.153
122.153
122.153
122.153
122.153
122.153
122.153
122.153
122.153
122.153
122.153
122.153
122.153
21.1546
122.153
122.153
122.153
21.1448
122.153
122.153
122.153
21.1644
122.153
122.153
122.153
122.153
21.1448
122.153
122.153
122.153
122.153
122.153
122.153
122.153
122.153
122.153
122.153
21.1252
122.153
122.153
21.135
122.153
122.153
122.153
122.153
122.153
21.1056
122.153
122.153
122.153
21.1154
122.153
122.153
122.153
21.1252
122.153
122.153
122.153
122.153
21.1252
122.153
21.1252
122.153
21.1252
21.1154
122.153
122.153
122.153
122.153
21.1056
122.153
122.153
122.153
122.153
21.1056
21.1252
122.153
21.1252
122.153
122.153
122.153
122.153
122.153
122.153
21.1056
122.153
21.0958
122.153
122.153
122.153
21.0664
122.153
21.086
122.153
21.0664
122.153
122.153
122.153
21.0762
122.153
122.153
122.153
122.153
122.153
122.153
122.153
122.153
122.153
122.153
21.0664
122.153
122.153
122.153
122.153
122.153
21.0272
122.153
122.153
21.0272
122.153
122.153
21.037
122.153
122.153
21.037
122.153
122.153
21.0174
122.153
122.153
21.0272
122.153
122.153
122.153
122.153
21.0272
122.153
122.153
122.153
21.0076
21.0076
122.153
21.0076
122.153
21.0076
122.153
21.0076
122.153
21.0076
122.153
20.9978
122.153
20.9978
122.153
122.153
122.153
122.153
122.153
20.988
122.153
122.153
122.153
122.153
122.153
122.153
20.9782
122.153
122.153
122.153
122.153
20.988
20.9684
122.153
20.9782
20.988
122.153
122.153
122.153
122.153
20.9684
20.9586
20.9586
20.9684
122.153
122.153
122.153
20.939
122.153
122.153
122.153
122.153
122.153
20.939
122.153
122.153
20.9292
20.9292
122.153
122.153
122.153
122.153
122.153
20.9292
122.153
20.9096
122.153
122.153
122.153
122.153
122.153
122.153
20.89
122.153
122.153
20.8998
20.8998
122.153
20.89
20.8802
20.8802
20.8998
122.153
122.153
122.153
122.153
122.153
122.153
122.153
122.153
122.153
20.89
20.8704
122.153
122.153
122.153
20.8508
122.153
20.8606
20.8508
20.8508
122.153
20.8312
20.8508
20.841
20.841
122.153
122.153
20.841
122.153
122.153
122.153
122.153
20.841
122.153
122.153
20.8312
122.153
20.8312
122.153
122.153
122.153
122.153
122.153
122.153
122.153
20.8116
20.8018
122.153
122.153
20.8116
122.153
122.153
20.8018
20.792
122.153
20.8018
20.8018
122.153
20.8018
20.792
122.153
20.8018
122.153
122.153
20.792
122.153
20.792
122.153
20.792
122.153
20.792
122.153
122.153
20.7822
122.153
20.7724
122.153
122.153
20.7724
122.153
20.7724
20.7724
20.7724
122.153
20.7724
122.153
20.7724
122.153
20.7724
122.153
20.792
122.153
122.153
20.792
122.153
122.153
20.7626
20.7626
122.153
122.153
20.7528
20.743
122.153
20.7626
20.7528
122.153
20.7528
122.153
20.743
122.153
20.7528
122.153
122.153
20.7528
122.153
122.153
122.153
20.7332
122.153
20.7528
20.7234
122.153
122.153
20.7528
20.7724
122.153
20.7528
122.153
20.7626
122.153
20.743
122.153
20.7332
20.7528
20.7528
20.7528
20.7528
20.743
20.743
122.153
122.153
122.153
20.743
122.153
122.153
122.153
122.153
20.7724
122.153
122.153
122.153
122.153
122.153
122.153
122.153
122.153
122.153
122.153
20.7626
20.7528
20.7626
122.153
20.7626
20.7626
122.153
122.153
122.153
122.153
122.153
122.153
122.153
122.153
122.153
122.153
122.153
122.153
122.153
122.153
122.153
122.153
122.153
122.153
20.7332
122.153
20.6352
122.153
122.153
122.153
20.6842
122.153
20.694
20.694
122.153
122.153
122.153
122.153
20.6842
20.6744
122.153
20.7234
122.153
122.153
20.7332
20.743
122.153
122.153
122.153
20.7332
122.153
122.153
20.7528
122.153
122.153
122.153
122.153
122.153
20.7724
122.153
122.153
122.153
21.6936
21.9386
22.2522
122.153
22.556
122.153
22.6834
22.8108
22.8402
122.153
22.85
122.153
22.8794
22.8794
122.153
122.153
122.153
122.153
122.153
122.153
122.153
22.066
21.9092
21.87
122.153
21.8014
122.153
21.7132
21.7132
122.153
21.6348
122.153
21.5956
122.153
21.5564
21.5564
122.153
21.5564
122.153
122.153
21.5564
122.153
21.527
21.5172
21.5172
122.153
122.153
21.527
122.153
21.5074
122.153
21.5172
122.153
21.5074
122.153
21.5368
122.153
122.153
122.153
122.153
122.153
21.6152
122.153
122.153
122.153
122.153
21.5858
21.576
122.153
21.5564
21.5956
122.153
21.6054
21.6152
122.153
122.153
122.153
122.153
21.674
122.153
21.6936
21.6936
21.6838
122.153
122.153
122.153
122.153
122.153
122.153
122.153
21.7622
122.153
21.7818
21.8112
21.7916
122.153
122.153
21.8994
122.153
122.153
21.9974
21.9876
21.9484
122.153
21.9386
122.153
21.8994
122.153
21.9386
21.9288
21.9288
122.153
21.9582
122.153
122.153
21.9974
122.153
122.153
22.0366
122.153
122.153
122.153
122.153
122.153
22.3404
122.153
22.3208
122.153
22.3208
22.36
122.153
22.3698
22.3502
22.3502
22.3404
122.153
22.3208
122.153
22.409
122.153
122.153
22.4384
22.5168
122.153
122.153
22.5952
122.153
122.153
122.153
22.654
122.153
22.5756
22.5952
122.153
122.153
22.6736
122.153
122.153
122.153
122.153
122.153
22.7422
122.153
22.7716
122.153
22.752
22.8108
122.153
122.153
22.8108
122.153
22.8402
122.153
22.8108
22.85
122.153
22.7226
122.153
122.153
22.6638
122.153
122.153
22.7422
22.6344
122.153
22.5462
122.153
122.153
122.153
22.654
122.153
22.6344
122.153
122.153
122.153
122.153
122.153
22.4188
122.153
122.153
122.153
22.4286
122.153
122.153
122.153
122.153
122.153
122.153
122.153
122.153
122.153
22.311
22.3208
122.153
122.153
22.3796
122.153
122.153
122.153
122.153
22.3796
122.153
122.153
22.3796
122.153
122.153
22.4188
122.153
122.153
122.153
122.153
122.153
22.0954
122.153
22.0856
122.153
22.017
122.153
21.9778
21.9484
122.153
21.9582
21.9386
21.8798
21.8504
122.153
122.153
122.153
122.153
122.153
122.153
122.153
21.9092
21.9092
21.9288
21.9386
122.153
122.153
21.9778
122.153
122.153
122.153
122.153
21.8602
122.153
122.153
122.153
122.153
21.7328
122.153
122.153
21.674
122.153
122.153
122.153
122.153
122.153
21.5564
122.153
122.153
122.153
122.153
21.4584
21.478
21.4682
122.153
122.153
21.576
21.5956
21.5858
122.153
21.5858
21.5956
122.153
122.153
122.153
122.153
21.7622
21.772
122.153
122.153
21.8112
122.153
122.153
21.87
122.153
21.8406
21.8406
21.87
122.153
21.9484
122.153
122.153
122.153
122.153
22.017
122.153
122.153
122.153
122.153
21.6152
122.153
122.153
122.153
21.6152
122.153
122.153
122.153
122.153
122.153
21.772
122.153
21.8602
122.153
122.153
122.153
22.0464
22.066
22.0758
122.153
21.9092
122.153
21.968
21.9974
122.153
21.9582
122.153
122.153
21.9778
122.153
22.0464
22.0464
122.153
122.153
21.8112
21.8504
21.9092
21.9092
122.153
122.153
21.9582
21.8112
122.153
122.153
21.9778
122.153
122.153
122.153
21.8112
21.821
122.153
21.8112
122.153
122.153
122.153
21.8896
21.9484
22.0464
122.153
22.0954
22.1248
122.153
122.153
122.153
122.153
122.153
122.153
22.3796
122.153
122.153
122.153
122.153
122.153
122.153
122.153
122.153
122.153
122.153
122.153
122.153
122.153
22.164
122.153
22.0464
122.153
122.153
21.968
122.153
122.153
21.9092
122.153
21.87
21.8896
122.153
122.153
122.153
122.153
122.153
122.153
122.153
122.153
122.153
122.153
122.153
21.9484
122.153
122.153
122.153
21.9092
122.153
122.153
122.153
21.9288
122.153
122.153
122.153
21.9484
122.153
122.153
22.0562
122.153
22.1248
122.153
122.153
22.1444
122.153
22.1934
122.153
122.153
22.3502
122.153
22.2914
122.153
22.262
22.2032
122.153
22.164
22.1248
122.153
22.1052
22.1052
122.153
21.9876
122.153
122.153
122.153
122.153
122.153
122.153
122.153
21.9582
122.153
21.9582
21.9974
122.153
21.9288
122.153
22.0366
122.153
22.115
22.1738
22.1738
122.153
22.3012
122.153
122.153
122.153
122.153
22.164
22.1836
122.153
22.1248
122.153
122.153
122.153
122.153
22.0758
122.153
122.153
122.153
122.153
122.153
22.1346
22.1346
22.2032
122.153
122.153
122.153
122.153
22.2228
122.153
122.153
122.153
21.9778
22.0072
122.153
22.066
22.1542
122.153
122.153
122.153
122.153
122.153
122.153
122.153
22.1052
122.153
122.153
22.115
122.153
122.153
22.213
122.153
122.153
122.153
122.153
22.2032
122.153
122.153
122.153
122.153
122.153
22.1248
122.153
122.153
122.153
122.153
122.153
122.153
122.153
122.153
22.0072
21.9974
122.153
122.153
122.153
122.153
122.153
122.153
122.153
122.153
21.8896
122.153
122.153
122.153
122.153
122.153
122.153
21.6348
122.153
122.153
21.6446
122.153
21.6544
122.153
21.6348
122.153
122.153
122.153
21.6152
122.153
122.153
21.4976
122.153
21.4976
122.153
122.153
122.153
21.4388
122.153
122.153
122.153
122.153
122.153
122.153
21.3604
122.153
21.3898
21.3702
122.153
122.153
21.3898
122.153
122.153
21.429
21.4584
122.153
122.153
122.153
122.153
122.153
21.2918
122.153
122.153
21.3408
122.153
122.153
122.153
122.153
122.153
21.3114
122.153
21.3506
122.153
21.3408
122.153
122.153
122.153
21.135
122.153
21.1448
122.153
122.153
21.233
122.153
21.2232
21.2036
122.153
122.153
122.153
21.2918
122.153
21.2428
122.153
21.2526
122.153
21.3114
122.153
21.2918
21.3016
122.153
122.153
21.2232
122.153
21.233
122.153
21.2624
21.3408
122.153
122.153
21.4192
122.153
21.4584
122.153
122.153
122.153
122.153
122.153
122.153
122.153
21.6054
122.153
21.6152
122.153
122.153
122.153
21.674
21.6936
21.6936
21.7034
122.153
122.153
22.703
122.153
122.153
122.153
23.4772
23.5948
122.153
122.153
122.153
24.1828
122.153
122.153
122.153
122.153
122.153
122.153
122.153
122.153
122.153
122.153
122.153
122.153
122.153
122.153
122.153
122.153
122.153
122.153
122.153
122.153
122.153
122.153
122.153
122.153
122.153
122.153
122.153
122.153
122.153
122.153
122.153
122.153
122.153
122.153
122.153
122.153
122.153
122.153
122.153
122.153
122.153
122.153
122.153
122.153
122.153
122.153
122.153
122.153
122.153
122.153
122.153
122.153
122.153
122.153
122.153
122.153
122.153
122.153
122.153
122.153
122.153
122.153
122.153
122.153
122.153
122.153
122.153
122.153
122.153
122.153
122.153
122.153
122.153
122.153
122.153
122.153
122.153
122.153
122.153
122.153
122.153
122.153
122.153
122.153
122.153
122.153
122.153
122.153
122.153
122.153
122.153
122.153
122.153
122.153
122.153
122.153
122.153
122.153
122.153
122.153
122.153
122.153
122.153
122.153
122.153
122.153
122.153
122.153
122.153
122.153
122.153
122.153
122.153
122.153
122.153
122.153
122.153
122.153
122.153
122.153
122.153
122.153
122.153
122.153
122.153
122.153
122.153
122.153
122.153
122.153
122.153
122.153
122.153
122.153
122.153
122.153
122.153
122.153
122.153
122.153
122.153
122.153
122.153
122.153
122.153
122.153
122.153
122.153
122.153
122.153
122.153
122.153
122.153
122.153
122.153
122.153
122.153
122.153
122.153
122.153
122.153
122.153
122.153
122.153
122.153
122.153
122.153
122.153
122.153
122.153
122.153
122.153
122.153
122.153
122.153
122.153
122.153
122.153
122.153
122.153
122.153
122.153
122.153
122.153
122.153
122.153
122.153
122.153
122.153
122.153
122.153
122.153
122.153
122.153
122.153
122.153
122.153
122.153
122.153
122.153
122.153
122.153
122.153
122.153
122.153
122.153
122.153
122.153
122.153
122.153
122.153
122.153
122.153
122.153
122.153
122.153
122.153
122.153
122.153
122.153
122.153
122.153
122.153
122.153
122.153
122.153
122.153
122.153
122.153
122.153
122.153
122.153
122.153
122.153
122.153
122.153
122.153
122.153
122.153
122.153
122.153
122.153
122.153
122.153
122.153
122.153
122.153
122.153
122.153
122.153
122.153
122.153
122.153
122.153
122.153
122.153
122.153
122.153
122.153
122.153
122.153
122.153
122.153
122.153
122.153
122.153
122.153
122.153
122.153
122.153
122.153
122.153
122.153
122.153
122.153
122.153
122.153
122.153
122.153
122.153
122.153
122.153
122.153
122.153
122.153
122.153
122.153
122.153
122.153
122.153
122.153
122.153
122.153
122.153
122.153
122.153
122.153
122.153
122.153
122.153
122.153
122.153
122.153
122.153
122.153
122.153
122.153
122.153
122.153
122.153
122.153
122.153
122.153
122.153
122.153
122.153
122.153
122.153
122.153
122.153
122.153
122.153
122.153
122.153
122.153
122.153
122.153
122.153
122.153
122.153
122.153
122.153
122.153
122.153
122.153
122.153
122.153
122.153
122.153
122.153
122.153
122.153
122.153
122.153
122.153
122.153
122.153
122.153
122.153
122.153
122.153
122.153
122.153
122.153
122.153
122.153
122.153
122.153
122.153
122.153
122.153
122.153
122.153
122.153
122.153
122.153
122.153
122.153
122.153
122.153
122.153
122.153
122.153
122.153
122.153
122.153
122.153
122.153
122.153
122.153
122.153
122.153
122.153
122.153
122.153
122.153
122.153
122.153
122.153
122.153
122.153
122.153
122.153
122.153
122.153
122.153
122.153
122.153
122.153
122.153
122.153
122.153
122.153
122.153
122.153
122.153
122.153
122.153
122.153
122.153
122.153
122.153
122.153
122.153
122.153
122.153
122.153
122.153
122.153
122.153
122.153
122.153
122.153
122.153
122.153
122.153
122.153
122.153
122.153
122.153
122.153
122.153
122.153
122.153
122.153
122.153
122.153
122.153
122.153
122.153
122.153
122.153
122.153
122.153
122.153
122.153
122.153
122.153
122.153
122.153
122.153
122.153
122.153
122.153
122.153
122.153
122.153
122.153
122.153
122.153
122.153
122.153
122.153
122.153
122.153
122.153
122.153
122.153
122.153
122.153
122.153
122.153
122.153
122.153
122.153
122.153
122.153
122.153
122.153
122.153
122.153
122.153
122.153
122.153
122.153
122.153
122.153
122.153
122.153
122.153
122.153
122.153
122.153
122.153
122.153
122.153
122.153
122.153
122.153
122.153
122.153
122.153
122.153
122.153
122.153
122.153
122.153
122.153
122.153
122.153
122.153
122.153
122.153
122.153
122.153
122.153
122.153
122.153
122.153
122.153
122.153
122.153
122.153
122.153
122.153
122.153
122.153
122.153
122.153
122.153
122.153
122.153
122.153
122.153
122.153
122.153
122.153
122.153
122.153
122.153
122.153
122.153
122.153
122.153
122.153
122.153
122.153
122.153
122.153
122.153
122.153
122.153
122.153
122.153
122.153
122.153
122.153
122.153
122.153
122.153
122.153
122.153
122.153
122.153
122.153
122.153
122.153
122.153
122.153
122.153
122.153
122.153
122.153
122.153
122.153
122.153
122.153
122.153
122.153
122.153
122.153
122.153
122.153
122.153
122.153
122.153
122.153
122.153
122.153
122.153
122.153
122.153
122.153
122.153
122.153
122.153
122.153
122.153
122.153
122.153
122.153
122.153
122.153
122.153
122.153
122.153
122.153
122.153
122.153
122.153
122.153
122.153
122.153
122.153
122.153
122.153
122.153
122.153
122.153
122.153
122.153
122.153
122.153
122.153
122.153
122.153
122.153
122.153
122.153
122.153
122.153
122.153
122.153
122.153
122.153
122.153
122.153
122.153
122.153
122.153
122.153
122.153
122.153
122.153
122.153
122.153
122.153
122.153
122.153
122.153
122.153
122.153
122.153
122.153
122.153
122.153
122.153
122.153
122.153
122.153
122.153
122.153
122.153
122.153
122.153
122.153
122.153
122.153
122.153
122.153
122.153
122.153
122.153
122.153
122.153
122.153
122.153
122.153
122.153
122.153
122.153
122.153
122.153
122.153
122.153
122.153
122.153
122.153
122.153
122.153
122.153
122.153
122.153
122.153
122.153
122.153
122.153
122.153
122.153
122.153
122.153
122.153
122.153
122.153
122.153
122.153
122.153
122.153
122.153
122.153
122.153
122.153
122.153
122.153
122.153
122.153
122.153
122.153
122.153
122.153
122.153
122.153
122.153
122.153
122.153
122.153
122.153
122.153
122.153
122.153
122.153
122.153
122.153
122.153
122.153
122.153
122.153
122.153
122.153
122.153
122.153
122.153
122.153
122.153
122.153
122.153
122.153
122.153
122.153
122.153
122.153
122.153
122.153
122.153
122.153
122.153
122.153
122.153
122.153
122.153
122.153
122.153
122.153
122.153
122.153
122.153
122.153
122.153
122.153
122.153
122.153
122.153
122.153
122.153
122.153
122.153
122.153
122.153
122.153
122.153
122.153
122.153
122.153
122.153
122.153
122.153
122.153
122.153
122.153
122.153
122.153
122.153
122.153
122.153
122.153
122.153
122.153
122.153
122.153
122.153
122.153
122.153
122.153
122.153
122.153
122.153
122.153
122.153
122.153
122.153
122.153
122.153
122.153
122.153
122.153
122.153
122.153
122.153
122.153
122.153
122.153
122.153
122.153
122.153
122.153
122.153
122.153
122.153
122.153
122.153
122.153
122.153
122.153
122.153
122.153
122.153
122.153
122.153
122.153
122.153
122.153
122.153
122.153
122.153
122.153
122.153
122.153
122.153
122.153
122.153
122.153
122.153
122.153
122.153
122.153
122.153
122.153
122.153
122.153
122.153
122.153
122.153
122.153
122.153
122.153
122.153
122.153
122.153
122.153
122.153
122.153
122.153
122.153
122.153
122.153
122.153
122.153
122.153
122.153
122.153
122.153
122.153
122.153
122.153
122.153
122.153
122.153
122.153
122.153
122.153
122.153
122.153
122.153
122.153
122.153
122.153
122.153
122.153
122.153
122.153
122.153
122.153
122.153
122.153
122.153
122.153
122.153
122.153
122.153
122.153
122.153
122.153
122.153
122.153
122.153
122.153
122.153
122.153
122.153
122.153
122.153
122.153
122.153
122.153
122.153
122.153
122.153
122.153
122.153
122.153
122.153
122.153
122.153
122.153
122.153
122.153
122.153
122.153
122.153
122.153
122.153
122.153
122.153
122.153
122.153
122.153
122.153
122.153
122.153
122.153
122.153
122.153
122.153
122.153
122.153
122.153
122.153
122.153
122.153
122.153
122.153
122.153
122.153
122.153
122.153
122.153
122.153
122.153
122.153
122.153
122.153
122.153
122.153
122.153
122.153
122.153
122.153
122.153
122.153
122.153
122.153
122.153
122.153
122.153
122.153
122.153
122.153
122.153
122.153
122.153
122.153
122.153
122.153
122.153
122.153
122.153
122.153
122.153
122.153
122.153
122.153
122.153
122.153
122.153
122.153
122.153
122.153
122.153
122.153
122.153
122.153
122.153
122.153
122.153
122.153
122.153
122.153
122.153
122.153
122.153
122.153
122.153
122.153
122.153
122.153
122.153
122.153
122.153
122.153
122.153
122.153
122.153
122.153
122.153
122.153
122.153
122.153
122.153
122.153
122.153
122.153
122.153
122.153
122.153
122.153
122.153
122.153
122.153
122.153
122.153
122.153
122.153
122.153
122.153
122.153
122.153
122.153
122.153
122.153
122.153
122.153
122.153
122.153
122.153
122.153
122.153
122.153
122.153
122.153
122.153
122.153
122.153
122.153
122.153
122.153
122.153
122.153
122.153
122.153
22.0856
122.153
122.153
122.153
122.153
122.153
122.153
122.153
122.153
122.153
122.153
21.8112
122.153
21.8112
122.153
21.9778
21.9092
21.919
21.8504
21.87
122.153
21.8112
21.8112
21.821
122.153
122.153
122.153
21.9288
21.8896
122.153
122.153
21.8112
21.8112
21.8406
21.8504
122.153
122.153
21.8308
122.153
122.153
21.9386
122.153
122.153
21.8896
122.153
122.153
122.153
21.87
21.8504
21.8994
122.153
122.153
21.8406
21.8504
122.153
122.153
21.9092
21.9092
21.8602
122.153
21.87
122.153
122.153
122.153
21.8308
21.9092
122.153
122.153
21.968
122.153
122.153
122.153
122.153
22.0954
122.153
22.0562
122.153
122.153
122.153
22.066
122.153
22.1248
122.153
22.1248
22.115
22.1444
122.153
122.153
122.153
122.153
122.153
22.0268
22.0268
122.153
22.1248
122.153
22.2522
22.1738
22.2522
122.153
22.1542
122.153
122.153
122.153
22.1934
22.2228
122.153
22.2816
22.2816
22.2032
122.153
21.9974
122.153
122.153
122.153
122.153
122.153
122.153
22.2914
122.153
22.3698
122.153
122.153
122.153
22.3502
122.153
22.3796
22.311
22.2816
22.2718
22.3208
22.3012
122.153
22.1052
22.066
122.153
122.153
22.0954
22.2032
122.153
22.1542
122.153
22.0758
22.1444
122.153
22.0758
122.153
22.3992
22.3306
122.153
122.153
122.153
122.153
22.1444
122.153
122.153
21.968
122.153
122.153
21.9876
122.153
122.153
22.2816
22.3012
22.2228
122.153
122.153
122.153
122.153
22.1542
122.153
122.153
22.0464
122.153
22.017
21.9876
122.153
22.0562
22.066
122.153
122.153
22.0954
122.153
22.0856
122.153
22.0954
122.153
22.262
22.3012
122.153
122.153
22.3894
22.2914
122.153
22.2032
122.153
22.2718
22.3208
122.153
122.153
22.2718
122.153
22.262
22.2326
22.3012
22.3404
122.153
22.4188
22.4188
22.4188
22.2228
22.2816
22.262
22.262
22.2914
22.2522
22.2522
122.153
22.2718
22.3404
22.3012
22.2522
22.2228
122.153
122.153
22.2326
22.1836
22.1738
22.1934
122.153
22.2424
22.2326
22.213
122.153
22.213
22.1738
22.2032
122.153
22.2522
22.2032
22.2228
22.2228
22.2228
22.2032
22.1836
22.1738
22.1052
22.066
22.1052
22.066
21.9974
22.066
22.0758
22.1444
22.1052
22.066
22.0856
122.153
122.153
22.0562
122.153
22.066
22.0562
22.0268
22.0758
22.1052
22.115
22.066
22.066
22.0464
22.0464
22.0562
122.153
22.0072
22.0464
22.0366
22.017
22.0366
122.153
122.153
122.153
22.0464
22.0072
22.0268
22.066
21.9974
122.153
21.968
21.968
21.9876
21.968
21.9484
21.8896
21.919
21.9778
21.9582
21.9288
21.9582
122.153
21.9876
22.017
22.0464
22.0562
122.153
22.0464
122.153
22.066
22.0464
22.0464
22.0366
22.0366
22.0464
22.017
21.9778
22.017
122.153
21.9974
21.919
21.8896
21.8112
122.153
21.8112
122.153
21.8308
21.8112
122.153
122.153
122.153
21.87
21.8994
21.9288
21.9092
21.9092
21.9092
21.87
21.8896
21.8896
21.9092
21.9288
21.9582
21.9484
21.8308
21.8308
21.821
21.8112
21.772
122.153
21.8014
21.8112
21.7524
21.8112
21.8112
21.8504
21.87
21.8798
21.8798
21.8602
21.8406
21.8112
21.7818
21.8014
21.8112
21.8112
21.8308
122.153
21.7524
21.7328
21.8014
21.8112
21.8112
21.8112
122.153
21.821
122.153
21.8896
122.153
122.153
122.153
21.7818
21.7916
21.772
122.153
21.7916
21.7328
21.6838
21.7132
21.6936
122.153
21.6936
21.7034
21.6544
122.153
21.6348
21.6348
21.6936
21.7132
122.153
21.7328
21.7132
21.6838
122.153
21.674
21.674
21.6838
21.6642
122.153
21.5466
122.153
21.5466
21.5466
21.5662
21.6348
21.6348
122.153
21.625
21.625
21.625
21.5564
21.5368
122.153
21.478
21.5172
21.4976
122.153
21.478
21.4682
21.4878
122.153
21.4584
21.3996
21.3996
21.429
21.4486
21.478
21.4878
21.478
21.478
122.153
21.527
122.153
21.527
122.153
21.5564
21.5858
21.6152
21.6054
21.625
21.625
21.6348
21.6152
122.153
21.6152
21.6152
21.6446
21.6348
122.153
122.153
21.6152
21.6152
21.625
122.153
21.6152
21.625
21.625
122.153
122.153
21.6152
21.625
122.153
21.6348
21.6348
21.6446
21.6544
21.6348
122.153
21.6446
21.6642
21.6544
21.6544
21.6544
21.6544
122.153
21.6446
21.6544
21.6544
122.153
21.6446
122.153
21.625
122.153
21.6152
21.5956
122.153
21.5956
21.576
21.5956
21.576
21.5564
21.5466
21.5564
21.5466
122.153
21.5466
122.153
21.5564
21.5564
122.153
21.5368
122.153
21.5172
21.527
21.527
122.153
21.5564
21.5564
21.576
21.576
21.5956
122.153
122.153
21.6544
21.6642
122.153
122.153
21.7132
122.153
21.7328
21.7426
21.7622
122.153
122.153
21.7622
122.153
122.153
21.7524
122.153
21.772
122.153
122.153
122.153
21.8112
21.8112
122.153
21.8308
21.87
21.8896
21.8798
122.153
21.8504
21.8308
122.153
21.8308
21.8602
21.87
21.8602
21.87
21.8602
21.87
21.87
21.8798
21.9386
122.153
122.153
21.9484
21.9876
122.153
21.968
21.9484
21.9288
122.153
21.968
21.9582
21.9484
21.919
21.919
21.9974
21.9484
21.9386
21.9582
21.9778
21.968
122.153
21.8994
21.9484
21.9484
122.153
21.919
21.9092
122.153
122.153
122.153
122.153
21.87
122.153
122.153
122.153
21.8994
21.8896
21.8994
21.9288
21.9092
21.8896
122.153
21.8112
21.8798
21.8994
21.8798
122.153
21.8504
122.153
21.8308
21.8504
122.153
122.153
122.153
21.8112
21.821
21.8112
21.8112
122.153
21.7916
122.153
122.153
21.7916
21.8014
122.153
21.7524
21.772
21.772
122.153
21.7132
122.153
21.7132
122.153
21.7524
21.7426
21.7426
21.7328
21.7524
21.7426
21.7132
21.7328
21.7034
122.153
21.674
122.153
21.6348
122.153
122.153
21.7426
122.153
21.8112
21.8112
21.8406
21.87
21.8896
122.153
21.9484
122.153
122.153
122.153
22.1248
22.164
22.1934
22.2228
22.2522
22.3012
122.153
22.3992
22.4482
22.4972
122.153
22.5658
122.153
22.6442
122.153
22.7324
22.752
122.153
22.7912
122.153
22.85
22.8598
22.8794
122.153
122.153
122.153
22.8598
22.8794
22.9088
22.9088
22.9676
22.9872
22.997
23.0068
23.0362
23.046
23.046
23.0656
23.0852
23.1048
23.1048
23.1048
23.1146
23.1342
23.1342
23.1244
23.1244
122.153
23.1244
122.153
23.1636
23.1636
23.1832
23.1832
122.153
23.2028
23.2126
23.2224
23.2224
23.2322
23.242
23.242
23.2322
122.153
23.2518
23.2518
122.153
23.2616
23.2812
23.2714
23.2714
23.2812
23.3008
23.3106
23.3204
23.3204
23.3204
23.34
23.34
23.3498
23.3498
23.34
23.3498
122.153
23.3498
23.3596
122.153
23.3498
23.3596
23.3596
23.3596
122.153
23.3694
23.3792
23.3694
23.3988
23.4184
23.438
23.4478
23.438
23.389
23.3988
23.4184
23.4184
23.438
23.4478
23.4576
23.4576
23.4674
23.4478
23.4674
23.4674
23.4674
122.153
122.153
23.4772
122.153
23.487
23.4772
23.4772
23.4576
122.153
23.4478
23.4478
23.4184
23.438
23.4478
122.153
122.153
23.4772
23.4968
23.5066
122.153
23.5066
122.153
122.153
122.153
122.153
23.536
122.153
122.153
122.153
122.153
23.4674
122.153
122.153
122.153
23.5262
23.5262
23.5458
122.153
122.153
23.5556
23.5556
23.5458
23.5262
23.536
122.153
122.153
23.5164
23.5164
23.5164
23.5262
23.5262
23.5262
23.5164
23.5262
23.4968
23.5066
23.5066
122.153
23.4968
23.4968
23.4968
23.4968
23.5066
23.5164
23.5164
23.5066
23.5066
23.5164
122.153
122.153
23.5164
23.5164
23.4968
23.5066
122.153
23.5066
23.5066
23.5066
23.5262
23.5066
23.5262
122.153
23.5164
23.5164
23.5262
23.536
122.153
23.5262
23.5262
122.153
23.536
122.153
23.5556
23.5556
23.5556
23.5556
122.153
23.536
122.153
122.153
23.5458
23.5458
122.153
23.5752
23.5654
23.5752
23.5654
23.5752
23.5654
23.5752
122.153
122.153
23.5752
23.5752
23.5752
23.5654
23.5654
122.153
23.5556
122.153
122.153
23.5556
23.536
122.153
23.5556
122.153
23.5556
23.536
122.153
23.5164
23.4968
23.4576
23.4478
122.153
122.153
23.4674
23.4772
122.153
23.4968
122.153
23.5066
23.5066
23.5164
23.5164
23.5262
122.153
23.536
23.5262
23.536
23.536
23.536
122.153
23.5164
122.153
23.5164
23.5066
122.153
23.487
122.153
122.153
23.4772
122.153
23.4772
122.153
23.487
23.487
23.487
23.487
23.487
23.4772
23.4772
23.4968
23.4968
23.487
122.153
23.487
23.4772
23.4772
23.4772
122.153
23.4576
122.153
23.4576
23.4576
23.4576
23.438
23.438
23.4478
23.4282
23.3988
23.389
23.3988
122.153
23.4282
23.4184
122.153
23.438
23.4282
23.4184
23.4184
122.153
23.4184
23.438
23.4282
23.4184
23.4184
23.4086
23.4184
23.3988
23.4086
23.3988
23.389
122.153
23.389
122.153
23.3988
23.3988
23.3988
122.153
23.3988
23.3988
122.153
23.3988
23.3988
23.3988
23.3988
23.3792
23.3988
23.3792
23.3694
122.153
23.3596
23.3498
23.3596
23.3596
23.3596
23.3792
23.3596
23.3792
23.3694
122.153
122.153
23.3792
23.3694
23.3694
23.3792
23.3596
23.3596
122.153
23.3596
23.3596
23.3694
23.3596
122.153
23.3498
23.34
23.34
23.3302
23.3302
23.3302
23.3204
23.3204
122.153
122.153
23.3008
23.3204
23.3204
23.3302
23.34
23.3498
23.3498
122.153
23.3596
23.3596
23.3596
23.3596
23.3596
23.3596
23.3596
23.3694
122.153
23.3694
23.3694
23.3694
23.3694
23.3596
23.3498
122.153
23.34
23.3302
122.153
23.3008
23.2812
23.2812
23.2812
23.2714
23.2714
23.2714
122.153
23.3008
23.3204
122.153
23.3302
23.34
23.3498
23.3498
122.153
23.3596
23.3596
23.3596
23.3498
122.153
23.3596
122.153
23.3498
23.3498
23.3596
122.153
23.3498
122.153
122.153
23.34
23.34
23.3498
23.34
122.153
23.34
23.3204
23.3008
23.291
23.291
23.291
23.3106
23.3008
23.3204
23.3106
23.3106
23.3008
23.3106
23.3008
23.3106
23.3008
23.3008
23.3106
23.3008
23.3008
122.153
23.3106
23.3106
23.3008
23.3008
23.3008
122.153
23.291
122.153
122.153
122.153
23.2518
23.2714
23.2616
23.2616
23.242
23.2616
23.2518
23.2518
23.242
23.242
23.242
23.242
23.2518
23.2518
122.153
23.242
23.2518
23.242
23.2518
23.242
23.242
23.242
23.242
23.242
23.242
23.2322
23.242
23.242
23.242
122.153
23.242
23.242
23.242
23.2322
23.242
23.2322
23.242
23.2322
23.2224
23.2126
23.2126
122.153
23.2028
23.2126
23.2028
23.2224
122.153
23.2224
23.2224
23.242
23.2224
23.242
23.242
23.242
23.2518
23.2224
23.242
23.242
23.2322
23.242
23.242
23.2322
23.2224
122.153
122.153
23.2322
122.153
23.2322
23.2224
23.2224
23.2224
23.2126
23.193
23.2028
23.2126
23.2028
23.193
23.193
23.1832
23.193
23.1832
23.193
23.1832
23.1734
122.153
23.1832
23.1832
23.1832
23.1636
23.1538
23.144
23.1244
23.1146
23.1048
23.1048
23.095
23.0852
23.0852
23.1048
23.1048
23.1048
23.1048
23.1244
23.1244
23.1244
23.1244
23.1244
23.1244
23.1244
23.1244
23.144
23.144
122.153
23.144
23.1244
23.1342
23.1244
122.153
23.1244
23.1342
23.1342
23.1244
23.1244
23.144
23.1244
23.1146
23.0852
23.0852
23.0852
23.0656
23.0656
23.0656
23.0656
23.0754
23.0852
23.0656
122.153
23.095
23.0852
23.0852
23.0852
23.0754
23.0656
23.0754
23.0656
23.0656
23.0656
23.0656
23.0656
23.0754
23.0754
23.0656
23.0656
122.153
23.0754
23.0656
23.0656
23.0558
23.046
23.0558
23.0362
23.0166
23.0068
22.9872
22.9872
22.9676
22.9872
23.0068
23.0068
23.0068
23.0068
23.0068
22.9872
23.0068
23.0068
23.0166
23.0166
23.0166
122.153
23.0166
23.0068
22.997
22.997
23.0068
23.0068
23.0068
122.153
23.0068
23.0068
23.0068
23.0068
22.997
122.153
22.9774
22.9676
22.9578
22.9578
122.153
22.9284
22.9284
22.9186
22.9088
22.899
122.153
22.899
22.8892
22.8892
22.9088
22.8892
22.8892
122.153
22.899
22.9088
122.153
22.8794
22.8892
22.8696
22.8892
22.8892
22.8794
122.153
22.8892
22.8696
22.8598
22.8598
22.85
22.85
22.8598
22.8598
22.8598
22.8598
22.8696
122.153
22.8696
22.8696
122.153
22.8598
22.85
22.8598
122.153
22.85
122.153
22.8598
22.85
22.85
122.153
22.8598
22.85
122.153
22.8402
122.153
122.153
22.8304
22.8304
22.8304
22.8304
22.8402
22.8304
22.8304
22.85
22.8304
122.153
22.8206
22.85
22.8304
22.8304
22.8304
22.8206
122.153
22.8304
122.153
22.85
22.8304
22.8402
22.8402
22.8304
22.8108
122.153
22.8206
22.8206
22.8304
22.8206
22.8206
22.8108
122.153
22.801
22.7912
122.153
122.153
122.153
22.7912
22.801
22.801
122.153
122.153
22.7912
22.7912
22.7912
122.153
22.7912
22.7912
22.7912
122.153
22.7912
22.7912
22.7814
22.7814
22.7716
22.7618
122.153
22.752
122.153
22.7324
122.153
22.7128
22.6932
22.6932
22.6932
122.153
22.6932
22.6932
22.6932
22.6834
122.153
22.6638
22.654
22.6736
22.654
22.654
22.6638
22.654
22.6638
22.654
22.6442
22.6442
22.6148
22.6148
22.6148
22.5952
22.605
22.5952
22.605
122.153
22.5952
22.5854
22.5756
22.5658
22.5462
122.153
22.5462
22.5364
22.5462
122.153
22.5266
122.153
22.5266
22.507
22.4972
122.153
22.507
22.4874
22.4776
22.4776
22.4678
22.458
22.4482
122.153
22.4482
122.153
22.458
122.153
22.458
22.4482
22.4384
122.153
22.4188
22.409
22.409
122.153
22.4188
22.409
22.409
22.3992
22.3992
22.3992
22.3894
22.3796
122.153
22.3894
22.3698
22.3698
22.3698
22.3698
22.36
22.36
22.3502
122.153
22.3208
