22.4776
22.3796
22.3992
22.3992
22.4188
22.409
22.3306
22.3698
22.4678
22.4678
22.4972
22.4972
22.4874
22.4972
22.4776
22.4776
22.4384
22.458
22.4482
22.4384
22.4286
22.3698
22.3992
22.409
22.4286
22.4188
22.4384
22.4384
22.4188
22.3796
22.3992
22.4482
22.4188
22.4384
22.4286
22.4384
22.4972
22.4678
22.4972
22.4776
22.4678
22.458
22.4678
22.4384
22.4384
22.409
22.3698
22.36
22.36
22.3894
22.3796
22.409
22.409
22.3894
22.3894
22.3992
22.3894
22.3894
22.3894
22.36
22.2522
22.2424
22.2424
22.2522
22.262
22.2228
22.213
22.2718
22.262
22.2228
22.2032
22.164
22.1444
22.115
22.1248
22.1444
22.1444
22.1052
22.115
22.0562
22.066
22.066
22.0856
22.0464
22.0366
22.0366
22.0072
22.0268
22.0268
22.0464
22.0072
21.9288
21.9092
21.9092
21.8798
21.9092
21.9484
21.9484
21.968
21.968
21.919
21.8994
21.8504
21.8406
21.8504
21.8308
21.821
21.8308
21.87
21.8504
21.87
21.8896
21.8798
21.8602
21.7916
21.8014
21.8112
21.8112
21.7916
21.7622
21.7818
21.772
21.8014
21.7916
21.8112
21.8112
21.7916
21.7818
21.7916
21.8014
21.8014
21.8014
21.7524
21.8112
21.8112
21.8112
21.8112
21.8112
21.8112
21.8112
21.8112
21.8112
21.8112
21.8112
21.8014
21.772
21.7328
21.723
21.7328
21.723
21.723
21.7328
21.7328
21.7328
21.7622
21.772
21.7916
21.8014
21.7916
21.7818
21.772
21.7524
21.7524
21.7426
21.7426
21.7328
21.7328
21.723
21.7328
21.7034
21.7132
21.6936
21.6936
21.6936
21.674
21.674
21.674
21.6642
21.6544
21.6446
21.6446
21.6348
21.6544
21.6348
21.6446
21.6152
21.625
21.5858
21.5956
21.5858
21.5662
21.5564
21.5564
21.5662
21.5662
21.5858
21.6054
21.6152
21.6348
21.6348
21.6544
21.6544
21.674
21.6642
21.6838
21.674
21.6642
21.6838
21.6936
21.7034
21.7328
21.7132
21.723
21.723
21.7132
21.7132
21.7132
21.7132
21.723
21.7132
21.7034
21.7034
21.6936
21.6936
21.674
21.6642
21.6936
21.6838
21.6936
21.6936
21.6642
21.6642
21.6544
21.6544
21.6642
21.6642
21.6544
21.6544
21.6544
21.6446
21.6348
21.6348
21.625
21.5956
21.5858
21.576
21.576
21.5662
21.576
21.5662
21.5662
21.5564
21.5662
21.5564
21.5564
21.5172
21.5172
21.4976
21.478
21.478
21.4682
21.4878
21.478
21.4584
21.4584
21.5074
21.5172
21.527
21.5368
21.527
21.5564
21.5564
21.6054
21.6838
21.772
21.7818
21.8014
21.8112
21.8308
21.8504
21.87
21.8504
21.8504
21.8602
21.8504
21.8798
21.87
21.9092
21.8896
21.8896
21.8798
21.9092
21.8896
21.9092
21.87
21.8896
21.9288
21.9288
21.8994
21.8896
21.87
21.8896
21.8896
21.919
21.9288
21.919
21.9092
21.9288
21.968
21.9974
22.0856
22.1248
22.164
22.2424
22.4678
22.5168
22.5854
22.7128
22.85
22.9284
22.948
22.9676
22.9872
23.0068
23.0656
23.0852
23.1244
23.1832
23.1832
23.1832
23.2126
23.2224
23.3008
23.3106
23.3596
23.3792
23.4184
23.4576
23.4772
23.5066
23.5262
23.5164
23.4968
23.5164
23.5164
23.5458
23.5654
23.5556
23.5654
23.5752
23.5948
23.5948
23.6046
23.6046
23.6144
23.6046
23.6144
23.634
23.634
23.6536
23.6634
23.6732
23.6928
23.6928
23.7026
23.6928
23.7124
23.7124
23.7026
23.7124
23.7124
23.7124
23.7222
23.7124
23.7124
23.7124
23.6536
23.6046
23.6438
23.732
23.6928
23.7712
23.7516
23.7516
23.7614
23.7908
23.8006
23.83
23.8594
23.8496
23.8692
23.8986
23.8888
23.928
23.9378
23.9476
23.9574
23.977
23.9966
24.0162
24.026
24.0064
24.0162
23.9868
23.9672
23.9476
23.9574
23.9476
23.977
23.9868
23.9868
23.9966
24.0064
24.0162
23.9868
23.9868
23.977
23.977
23.9672
23.9868
24.0064
23.9868
23.9868
23.9868
23.977
23.977
23.9672
23.9672
23.9868
23.9868
23.9868
23.9966
23.977
23.9868
23.9868
23.9476
23.9476
23.9476
23.9476
23.9476
23.9476
23.9574
23.9672
23.977
23.9966
24.0064
24.0064
24.0064
23.9966
23.9966
23.9868
24.0064
24.0064
23.9868
23.9966
23.9868
23.9868
23.977
23.977
23.9574
23.9672
23.9672
23.9966
23.9672
23.9672
23.9476
23.9084
23.8986
23.8986
23.8888
23.8986
23.8986
23.8888
23.8986
23.9182
23.9084
23.928
23.9476
23.9574
23.9182
23.9084
23.9084
23.928
23.9182
23.8986
23.9084
23.879
23.8888
23.8692
23.8692
23.8692
23.879
23.8594
23.8692
23.8692
23.8692
23.8692
23.8496
23.8398
23.83
23.8104
23.8006
23.8104
23.8202
23.83
23.8496
23.8104
23.8104
23.8104
23.8202
23.8104
23.8006
23.8202
23.8398
23.8594
23.8104
23.7908
23.8006
23.7908
23.7614
23.7516
23.7418
23.732
23.732
23.7418
23.7516
23.7516
23.7516
23.7418
23.7418
23.732
23.7222
23.7124
23.7124
23.6928
23.7026
23.6928
23.6732
23.683
23.6732
23.6438
23.6242
23.6242
23.6046
23.6046
23.6144
23.6046
23.6144
23.6242
23.6144
23.6144
23.6046
23.5948
23.585
23.5948
23.5752
23.5458
23.5556
23.5556
23.5556
23.5556
23.5458
23.536
23.536
23.5556
23.5556
23.5556
23.5458
23.5458
23.5556
23.5556
23.5556
23.5556
23.5556
23.536
23.5262
23.5164
23.487
23.4772
23.4772
23.487
23.487
23.4772
23.4674
23.4576
23.438
23.438
23.4478
23.4576
23.4674
23.4576
23.4478
23.4478
23.4576
23.4478
23.438
23.4478
23.438
23.4184
23.4086
23.3988
23.3988
23.3988
23.3988
23.3988
23.3988
23.3988
23.389
23.389
23.389
23.3792
23.3792
23.3694
23.3694
23.3792
23.3792
23.3596
23.3596
23.3498
23.3498
23.3498
23.3498
23.3498
23.3498
23.34
23.3498
23.34
23.3204
23.3106
23.34
23.3204
23.3106
23.3106
23.3204
23.3204
23.3106
23.3008
23.3008
23.291
23.2812
23.2616
23.2714
23.2616
23.2518
23.2616
23.2616
23.2518
23.2518
23.242
23.242
23.2322
23.2224
23.2224
23.2224
23.2224
23.2126
23.2224
23.2028
23.1832
23.2028
23.1832
23.1832
23.193
23.193
23.193
23.1832
23.1734
23.1734
23.1734
23.1342
23.1244
23.1244
23.1244
23.1244
23.1244
23.1048
23.1146
23.1048
23.095
23.1048
23.1048
23.1048
23.1048
23.0852
23.0852
23.0754
23.046
23.0362
23.046
23.0264
23.0264
23.0264
23.0264
23.0264
23.0264
23.046
23.0362
23.0362
23.0264
23.0264
23.0264
23.0264
23.0264
23.0264
23.0166
23.0068
23.0068
23.0068
22.997
22.997
22.997
22.9872
22.997
22.9774
22.9676
22.9578
22.9578
22.9774
22.9872
22.9676
22.9578
22.9774
22.9578
22.9676
22.9578
22.9578
22.9676
22.9676
22.9676
22.9578
22.948
22.9382
22.9186
22.9088
22.9088
22.9088
22.9088
22.9088
22.899
22.9088
22.9088
22.9088
22.8892
22.899
22.8892
22.899
22.899
22.8794
22.8696
22.8696
22.8598
22.8598
22.85
22.85
22.8206
22.8304
22.8304
22.8206
22.8304
22.8402
22.8304
22.8304
22.8304
22.8304
22.8304
22.801
22.801
22.8108
22.7814
22.7716
22.7618
22.7618
22.7716
22.752
22.7618
22.752
22.7422
22.7324
22.7324
22.7324
22.7324
22.7324
22.7128
22.7128
22.7226
22.7324
22.7324
22.7324
22.7226
22.7324
22.7226
22.7128
22.7128
22.703
22.6932
22.703
22.6932
22.6932
22.6932
22.6932
22.6834
22.6736
22.6638
22.6442
22.6442
22.654
22.654
22.654
22.654
22.6736
22.654
22.6344
22.6344
22.6344
22.6148
22.6148
22.6148
22.605
22.6148
22.605
22.5952
22.5952
22.5952
22.5854
22.5756
22.5756
22.5756
22.5658
22.5658
22.5364
22.5266
22.5168
22.507
22.4972
22.5266
22.5364
22.5462
22.556
22.5756
22.5658
22.556
22.5658
22.556
22.5462
22.5364
22.5364
22.5364
22.5266
22.5168
22.5266
22.507
22.4972
22.4972
22.507
22.5168
22.5168
22.5168
22.4972
22.507
22.4972
22.4776
22.4776
22.4776
22.4678
22.4678
22.458
22.458
22.4384
22.4188
22.4286
22.4188
22.4188
22.3992
22.3894
22.409
22.409
22.4188
22.409
22.4188
22.4188
22.4188
22.409
22.4188
22.3796
22.3502
22.3502
22.3502
22.3404
22.3404
22.3208
22.311
22.3012
22.2914
22.2816
22.2914
22.2914
22.2914
22.3012
22.3012
22.3012
22.2914
22.2816
22.2718
22.2816
22.2914
22.2914
22.262
22.2718
22.262
22.2522
22.2424
22.2326
22.2228
22.213
22.2032
22.2228
22.2228
22.2228
22.2326
22.2522
22.2326
22.2326
22.2424
22.2424
22.2424
22.2424
22.2424
22.2424
22.2326
22.2032
22.1934
22.1934
22.1934
22.1738
22.1836
22.164
22.1542
22.1444
22.1444
22.1248
22.1248
22.1444
22.1346
22.1346
22.1248
22.1248
22.1052
22.115
22.1052
22.115
22.115
22.1248
22.115
22.0954
22.066
22.0464
22.0464
22.0366
22.0464
22.0464
22.0464
22.0366
22.0464
22.0562
22.0562
22.0562
22.0464
22.0268
22.017
22.0072
22.0268
22.0268
22.0072
22.0268
22.017
22.0072
22.0072
22.0072
21.9974
22.0072
21.9876
21.9974
21.9876
21.9974
21.9876
21.9582
21.9386
21.9484
21.9484
21.968
21.968
21.968
21.968
21.9582
21.9484
21.9484
21.9386
21.9386
21.9386
21.9484
21.9484
21.9386
21.9288
21.9288
21.9092
21.9092
21.8896
21.8994
21.8994
21.8994
21.8994
21.9092
21.8896
21.8896
21.8798
21.87
21.8798
21.8896
21.8798
21.87
21.8602
21.8602
21.8504
21.8406
21.8406
21.8308
21.8504
21.8504
21.8406
21.821
21.8112
21.8112
21.8112
21.8112
21.8112
21.8112
21.8112
21.8112
21.8112
21.821
21.8308
21.8112
21.8112
21.8014
21.8112
21.8112
21.8014
21.7916
21.7916
21.8014
21.0762
21.0664
21.0664
21.8014
21.0664
21.8112
21.8014
21.0566
21.7916
21.7916
21.7818
21.0468
21.7622
21.7524
21.772
21.7622
21.037
21.7622
21.7524
21.7622
21.7426
21.7426
21.7524
21.0174
21.7426
21.7328
21.7328
21.723
21.7328
21.7328
21.723
21.7132
21.6936
21.6936
21.6838
21.674
21.6838
21.6936
21.6838
21.6936
21.6936
21.6936
20.939
21.6642
21.674
21.6544
21.6642
21.6544
20.9194
21.6642
20.9096
21.6544
21.6642
21.6642
21.6544
21.6348
20.8802
21.6348
21.625
20.8704
21.625
21.6348
21.625
20.8704
21.6348
20.8508
21.625
21.6348
21.6348
20.8508
20.8508
21.6054
21.6054
21.5956
20.8312
21.6054
20.8312
21.5956
21.5956
21.6054
21.5956
20.792
21.5956
20.7724
21.5956
21.576
20.792
21.576
20.7724
20.7724
21.576
21.576
21.576
21.5564
21.5662
20.9096
21.5564
20.7724
20.7822
20.7822
20.792
21.5368
20.792
21.527
21.5172
20.7724
21.5172
21.527
21.5172
21.5074
21.527
20.7626
21.5074
21.5074
21.5172
20.7528
21.5172
21.4976
21.4976
20.7528
21.478
20.7528
21.478
20.7626
20.7528
20.7528
21.4584
21.4584
21.4486
21.4388
20.7332
21.4192
20.7234
21.429
20.7332
21.4388
21.429
21.4192
21.4192
20.8606
21.429
20.7136
21.4192
20.7136
21.4192
21.4192
20.7038
21.4094
21.4192
21.4094
21.3996
20.694
21.4094
21.3996
21.3996
21.3996
21.3898
21.3898
21.3898
21.3702
20.6646
21.38
21.38
20.6548
21.38
21.3702
21.3604
21.3604
21.3702
21.3702
21.3604
21.3506
21.3506
21.3506
21.3604
21.3604
21.3604
21.3604
21.3604
20.6352
21.3604
21.3408
20.6156
21.3408
20.6058
21.3506
20.596
21.331
20.596
21.331
21.331
20.596
21.3114
21.3114
21.3114
20.5666
21.3016
20.5568
21.3016
21.3114
20.547
20.7136
21.3114
20.5666
21.3212
21.3212
21.3114
20.694
21.3016
20.5372
21.3016
21.3016
21.3016
21.3016
21.3114
20.5274
21.3016
20.5372
21.3016
20.5274
21.282
21.282
21.2918
21.282
21.282
21.282
20.5176
21.282
20.743
21.2722
20.4882
21.2624
21.2624
20.4686
21.2624
21.2624
20.4588
21.2526
20.4686
21.2526
20.4588
21.2526
20.4588
21.233
20.449
21.2428
20.449
21.233
21.233
21.2428
21.233
21.2428
21.233
20.4392
21.233
21.2232
21.2232
21.233
21.2232
20.4196
20.4
21.2232
21.2232
21.2232
20.4
21.2232
20.4
21.2134
21.2232
21.2232
21.2232
21.2232
21.2232
21.2232
21.2134
21.2036
21.2232
20.3608
21.2036
21.2036
21.2134
20.3608
21.2134
21.2134
21.2036
21.2036
21.2134
21.2036
21.2036
20.351
21.2036
21.2036
21.2036
21.2036
20.3216
21.2232
21.2134
20.3118
21.2036
21.184
20.302
21.1938
21.2036
21.2036
21.2232
21.2036
20.302
21.2036
21.2036
21.2134
21.1938
21.2036
21.2036
21.184
20.2824
21.1938
20.2824
21.2036
21.1938
21.2036
21.2036
21.2036
21.1938
20.2628
21.2036
21.184
21.184
20.2628
21.184
21.1938
21.184
21.1938
21.1938
21.184
20.253
21.1938
21.1938
20.2432
21.1742
20.2432
21.1742
21.1448
21.1644
21.1742
20.2432
21.1644
20.2236
21.1742
21.1644
20.2334
21.1742
21.1742
21.1742
21.1546
21.1644
21.1644
21.1742
20.1942
21.1742
21.1742
21.184
21.184
21.184
21.184
21.184
20.1844
20.1844
21.1644
21.1742
21.1644
21.1644
21.1742
21.184
20.1452
20.1648
21.1742
20.1648
21.184
20.155
21.1742
21.1742
21.1742
21.1644
21.1644
21.1546
21.1546
21.1644
20.1256
20.1256
21.1742
21.184
21.1742
21.1644
20.0864
21.1644
21.1644
20.0864
21.1644
20.0864
21.1644
20.0962
21.1644
20.0864
21.1742
21.1644
20.0766
21.1644
21.1644
20.0668
21.1644
21.1644
20.0668
21.1644
20.0668
21.184
20.057
21.1742
21.1742
21.184
20.2432
21.184
20.0472
21.184
21.184
21.184
21.3604
22.2424
22.4286
20.0472
22.6638
20.0276
22.752
22.8108
22.9186
22.9676
20.0374
23.0754
20.0374
23.1048
20.0276
23.1734
23.2028
23.3106
20.0276
20.008
23.3596
20.0178
23.389
23.3988
23.4772
23.4674
23.4576
23.438
23.389
23.34
23.1734
23.0656
20.1942
22.9676
22.8598
22.7422
22.6344
22.507
19.959
22.3404
19.9492
19.959
22.2228
19.9688
22.1052
19.9296
21.9974
19.9198
21.968
19.9198
21.9974
21.9876
21.9876
21.9974
19.91
21.9288
21.8994
21.9092
21.8602
21.87
19.91
21.87
19.8904
21.87
21.8504
21.8602
21.8308
21.8308
21.821
21.8112
21.8112
21.8112
21.8112
21.8406
21.8112
21.821
19.8512
21.8112
21.821
21.8112
21.8112
19.8218
21.8308
19.812
21.8112
19.8022
21.8112
21.8112
21.8112
21.8308
21.8896
21.9288
21.9092
21.9288
22.213
22.1934
22.1346
22.1444
22.1052
22.0954
22.066
19.7728
22.0464
22.066
19.7728
22.066
22.066
19.763
22.0856
22.0856
22.0856
22.164
22.2032
22.213
22.1934
22.2032
22.1934
22.1934
22.1934
22.2424
22.2326
22.2326
19.714
22.213
22.2424
22.2228
22.1934
22.1934
22.2032
19.7238
22.2718
22.36
22.36
19.714
22.3404
19.7238
22.2914
19.7238
22.3208
22.3012
19.7238
22.2914
22.3796
22.3404
22.3404
19.7336
22.4678
22.458
22.507
22.556
22.507
22.5168
22.507
19.6944
22.458
22.4678
22.4874
22.5168
22.5658
22.5756
22.5364
19.6846
22.5854
19.6748
22.556
19.6748
22.7324
22.6834
22.6344
22.8108
22.703
22.6344
22.703
22.7716
22.703
19.6748
22.6932
19.6748
22.6442
22.654
22.6932
19.6748
22.6638
22.6932
22.6736
22.6344
22.752
19.6748
22.6638
22.703
22.7324
22.6834
19.6454
22.6638
19.6552
22.6932
22.703
19.6552
22.6638
22.6246
22.5952
22.5952
22.654
22.654
22.6442
22.6344
19.6552
22.5756
22.6148
22.6344
22.5854
22.6148
22.5756
22.6148
22.6246
19.665
22.6344
22.654
22.654
22.6638
22.6932
22.6736
19.6552
22.6344
22.6148
22.5952
22.556
22.556
22.5952
22.5952
22.5952
22.605
19.6356
22.5854
22.5952
22.5364
22.5168
22.507
22.4972
22.4678
22.409
19.6356
19.6356
22.1738
22.1444
22.1248
22.0856
22.0856
22.0758
22.066
22.0562
22.0562
19.5964
21.968
21.9582
21.9288
21.8308
19.5964
21.8308
19.5964
21.8406
21.8406
19.5768
21.8308
21.8308
21.8406
21.821
21.8112
19.5768
21.8112
21.8112
19.5768
21.8112
19.5768
21.8112
19.5866
21.8014
21.8112
21.8014
21.8014
19.5768
21.7916
21.8014
19.5768
21.7916
21.7524
19.567
21.7426
21.723
19.5572
21.7034
21.7132
21.7328
21.7328
21.7034
21.6936
19.5474
21.7034
21.7034
21.7034
21.723
19.5474
21.723
19.5376
21.6936
19.518
19.5376
21.723
21.7328
19.5376
21.7328
21.7132
21.7132
19.5572
21.7132
21.723
19.5474
21.7132
21.7034
21.7132
21.7034
19.5474
21.7132
21.7034
21.674
21.674
21.6544
21.6446
21.6544
21.674
19.4984
21.7034
21.6936
21.6936
19.518
19.5082
21.7034
19.4886
21.6838
21.674
19.4984
21.6642
21.674
21.6642
21.6838
21.7132
21.6936
21.7132
21.7132
21.7034
21.674
19.5082
21.6936
21.6936
21.7132
21.7328
21.7426
19.4984
21.7622
21.772
21.7916
21.7916
21.8112
21.8112
21.8112
21.8308
19.4984
21.8308
21.8602
19.4984
21.87
21.8602
21.8504
21.87
21.87
21.8798
21.8896
21.8896
21.8994
21.8896
21.9092
21.919
19.4984
21.8994
21.9288
21.9092
21.919
21.919
21.9386
19.5082
21.9484
21.968
21.9582
21.9484
19.4788
21.968
21.9582
21.9778
19.4984
22.0268
22.0464
22.0268
22.0268
19.4788
22.066
22.066
19.5082
22.066
22.066
19.4788
22.0954
22.115
22.1444
22.1738
22.1836
22.1346
22.1444
22.1444
22.1346
22.1542
22.164
19.469
22.1542
22.1346
22.1542
22.164
19.4788
22.1836
22.2032
22.2228
22.2032
19.4886
22.1934
19.4592
22.2032
22.1934
22.1934
22.2032
22.213
22.2718
19.4788
22.262
22.2718
19.4788
22.262
22.2522
22.2522
22.2522
22.2522
22.3012
22.3208
22.36
19.4592
19.4592
22.3404
22.3502
22.3502
22.3502
22.3306
22.3404
22.3404
22.3306
22.3208
19.4298
22.2522
19.4396
22.164
22.1738
19.4396
22.1836
19.4494
22.2032
22.1738
19.4592
19.4592
22.115
19.4494
22.1248
22.0856
19.4396
22.0856
19.4396
22.0366
19.4396
22.0268
21.968
19.4298
21.9582
19.4396
21.9876
19.4298
21.9876
21.968
21.9778
21.9484
21.9288
21.9092
21.8896
21.9092
21.8798
19.4298
21.7916
21.7916
21.7426
21.7916
21.7916
21.7916
19.4592
21.8504
21.8798
19.4592
21.9876
22.017
22.0268
19.42
21.9288
19.4396
21.9288
19.4298
21.9092
21.8308
21.8112
19.4298
21.8504
21.9484
21.9778
22.0366
22.0072
21.9778
19.4298
21.9876
19.42
21.9876
21.9876
22.017
22.0268
22.066
22.1346
22.1738
22.1346
22.0758
22.0954
22.1444
22.2032
22.1542
22.0954
22.1248
22.1248
19.4004
22.1444
22.1248
22.0562
22.0954
22.0562
22.017
19.3906
22.0072
22.066
22.0464
22.0562
22.0268
21.968
19.371
19.3906
22.0758
22.0072
21.9582
22.017
22.0366
22.017
21.9876
19.3808
21.919
21.8798
21.8406
21.8798
21.8896
19.3906
21.8798
19.4004
21.8798
21.9484
21.968
22.0366
19.3612
22.0464
22.0562
22.164
22.2228
22.213
22.1934
22.1542
22.164
22.1542
19.3514
22.1836
22.2326
22.2228
22.3012
22.262
22.1934
19.6846
22.1346
22.1444
22.1444
22.0954
22.0464
22.0268
19.4494
22.0268
21.9974
22.0464
22.2228
22.2718
22.2522
19.4004
22.213
19.3906
22.213
22.2914
22.3698
22.409
19.3612
22.3796
22.3894
22.4286
19.3612
22.3992
22.4286
22.4188
22.4972
22.4776
22.4482
22.4776
22.458
22.4874
22.5168
22.4972
22.4286
22.4678
22.4874
22.5266
22.5266
19.3318
22.5658
22.5168
19.3122
22.5168
19.3024
22.4972
19.2926
22.5266
22.5364
22.5658
22.5168
19.322
22.4874
22.4384
22.4874
22.4874
22.4972
22.4972
19.3318
22.4874
22.5266
22.458
19.3318
22.4678
19.3318
19.322
19.3318
22.507
19.322
22.4874
19.322
22.458
22.4482
22.4874
22.4678
22.4972
22.5266
22.5364
22.4972
22.4678
22.4776
22.4776
22.4776
19.322
22.4678
22.4776
22.4678
19.3416
19.3416
22.4776
19.3416
19.3416
19.322
22.4874
22.458
19.322
22.4972
22.4482
22.8304
19.322
23.732
24.1142
19.322
24.7218
19.3122
25.398
25.6136
25.8194
19.2828
26.0742
26.2114
19.2926
26.4368
26.525
25.8978
25.4862
25.0648
24.1534
23.8594
23.6438
23.4772
23.3008
19.3024
23.1146
19.3122
22.948
19.322
22.8206
22.801
22.6834
22.6148
22.5266
19.322
19.3416
22.5168
19.322
22.458
22.3502
22.3992
19.3024
22.3012
22.3208
19.2926
22.2914
22.3208
22.3502
22.3502
22.3208
22.2816
22.2718
19.273
22.2522
22.2522
22.2718
19.2828
22.311
22.262
22.2424
22.2228
22.2228
22.2816
22.2816
19.2828
22.2228
19.2828
22.2718
22.2718
19.2828
22.164
19.3122
19.2632
22.164
22.2032
22.2228
22.2914
22.262
19.2828
22.2816
22.2914
19.2632
22.3208
19.2828
22.311
22.2718
19.273
22.311
22.311
19.2828
22.3208
19.2828
22.3306
22.3208
22.3208
22.262
22.2032
22.2032
22.2228
19.273
22.2522
19.3024
19.2926
19.2828
22.262
19.2828
22.311
19.2632
22.3404
22.3208
22.3012
22.3012
22.3012
22.311
22.2424
19.322
22.2522
19.3024
22.2424
19.2828
22.2522
22.2816
22.262
19.2828
22.2522
22.262
22.2816
19.2926
22.2816
22.262
22.262
22.2718
22.262
19.3122
19.322
19.322
22.262
22.2424
22.2424
22.2424
22.2424
19.3416
22.2228
22.2228
19.3416
22.2228
22.1836
22.1248
22.1248
19.3416
22.1248
19.3514
22.1346
22.1444
22.1052
22.066
19.3416
22.0758
22.0758
22.0856
19.2828
22.1346
22.1444
22.1248
22.1248
22.0758
22.066
22.0758
22.0856
22.1248
22.1052
19.42
22.1346
22.1052
22.0366
22.0072
19.3906
22.0366
22.066
22.0562
19.4298
22.0464
22.0366
22.066
22.0464
22.0366
22.0464
19.4984
19.5278
19.5082
22.0268
21.9876
21.9582
19.5082
21.968
19.518
21.9386
21.9386
19.518
21.9288
21.9386
19.469
21.9386
19.4494
21.9288
21.9484
19.4592
21.9288
19.4396
19.4298
21.8994
21.8896
21.8798
21.87
19.42
19.4102
21.7426
21.7524
19.42
21.772
21.7916
21.8112
19.4004
21.8112
21.8112
19.3906
21.8112
21.8112
21.8112
21.8112
19.4004
21.8112
21.8112
19.3808
21.8014
21.7916
21.7916
19.3808
21.7818
21.7818
21.772
21.772
19.4004
21.7524
21.772
19.371
21.7818
21.772
19.4102
21.7818
21.7818
21.772
19.4298
21.7524
21.7622
19.42
21.7622
21.772
21.7818
19.4494
19.469
21.772
19.4984
21.7524
21.7622
19.4592
21.7524
21.7524
21.7524
19.469
19.4788
21.7818
21.7818
21.8014
19.4788
21.7818
21.7916
21.8014
19.4788
21.8112
21.8112
19.4984
21.8014
19.469
21.8112
21.8112
19.518
19.518
19.5376
21.8112
19.567
21.8112
21.8112
21.8112
19.5572
21.8112
21.7916
21.7524
21.7916
21.8112
21.8112
19.518
19.616
21.8112
21.8014
19.6454
21.8014
21.8014
21.772
19.6356
21.7818
21.7916
21.8014
21.7916
19.665
21.7916
21.7916
21.8112
21.8112
19.714
21.8112
19.7042
19.6552
21.8504
21.8308
21.8504
21.8504
21.8504
21.8308
19.6748
21.8602
21.8504
21.8406
19.6944
21.8504
21.8504
19.7238
21.8504
19.6944
21.87
21.8308
21.87
21.8406
21.821
21.8308
19.7532
21.8112
19.7336
21.8112
19.7532
21.8014
19.7532
21.8112
21.8112
19.7826
21.8504
19.7924
21.87
21.8504
21.8308
21.8504
21.8602
21.8308
21.8112
19.763
21.772
21.7916
21.7622
21.7916
21.8112
21.8014
19.7532
21.772
21.8112
21.8112
21.8014
21.7622
21.7818
19.8806
21.7818
21.7622
21.723
21.7132
19.9198
21.6838
21.6936
21.6936
21.674
19.959
21.674
21.6936
21.7132
21.7132
19.9492
21.6642
21.6054
21.6348
21.6152
21.6348
21.6642
21.674
21.674
21.674
21.6936
19.9492
19.9492
21.5368
21.5564
21.5662
21.576
21.5466
21.527
19.9982
21.5172
21.4976
21.5172
21.4584
21.4388
21.4976
21.4976
21.4976
21.4682
21.4682
20.0472
21.4486
21.4584
20.057
20.0668
21.4094
21.3506
21.38
21.3702
21.3506
21.3212
20.1648
21.3212
21.331
20.1648
20.1746
20.1452
21.2722
21.2722
21.282
21.3212
21.3016
21.282
21.2624
20.1844
21.2428
21.2428
20.1746
21.2624
20.2824
20.3118
21.184
21.184
21.1742
21.1644
21.1252
20.3608
20.3412
21.1056
20.3412
21.0076
20.3314
20.3314
21.0664
21.2134
21.282
21.478
20.3804
21.5956
21.6348
21.7328
21.772
21.8014
21.8112
21.9092
21.9484
21.9876
22.0268
22.066
20.5568
22.1444
22.164
22.1738
22.1934
22.2522
22.3012
20.6352
22.311
20.694
22.3894
20.7332
22.3992
22.4188
22.458
22.4678
22.458
20.7528
22.4384
20.7724
22.4286
22.4384
22.4188
20.8312
22.4384
20.8214
22.4776
20.8312
22.5364
22.5266
22.5364
22.5854
22.605
22.605
22.6148
22.6344
22.654
22.6736
21.1056
22.6736
22.6932
21.1448
22.6834
22.6736
22.6736
21.2232
22.6442
22.6344
21.2428
22.6344
21.2918
21.3604
22.6246
22.6344
22.6246
21.7426
22.6442
22.6638
22.6736
22.703
22.703
22.7128
22.7128
22.7128
22.7226
22.7128
22.7128
22.4972
22.6932
22.6834
22.6148
22.6932
22.6736
22.6932
22.6932
22.6932
22.6834
22.6834
22.6736
22.9578
22.654
22.605
22.6148
23.0166
22.605
22.605
22.6344
22.6442
22.654
22.6834
22.6932
22.948
22.9284
22.7226
22.703
22.703
22.8206
22.7324
22.7324
22.7226
22.7422
22.752
22.7226
22.752
22.7716
22.85
22.7716
22.7716
22.7716
22.9088
22.7716
22.7912
22.801
22.801
22.7912
22.8108
22.8206
22.6246
22.801
22.7912
22.7912
22.7716
22.7716
22.752
22.7814
22.6344
22.7912
22.801
22.703
22.801
22.85
22.8304
22.458
22.8206
22.7912
22.3894
22.7912
22.7814
22.7716
22.7716
22.7716
22.7716
22.164
22.7422
22.2032
22.7324
22.703
22.6736
22.6638
22.311
22.654
22.654
22.3208
22.6834
22.6932
22.6834
22.3992
22.6736
22.6638
22.3306
22.3012
22.5952
22.605
22.605
22.6148
22.6148
22.6246
22.6148
22.6148
22.3208
22.6148
22.6344
22.6246
22.6442
22.6344
22.6442
22.6736
22.6736
22.6736
22.654
22.654
22.654
22.654
22.654
22.654
22.6736
22.6834
22.703
22.7324
22.7324
22.6932
22.6834
22.654
22.605
22.6442
22.5952
22.6344
22.6246
22.6246
22.6442
22.6246
22.6148
22.6442
22.654
22.6736
22.6442
22.6344
22.6246
22.5854
22.5756
22.5658
22.5854
22.605
22.6246
22.6148
22.6148
22.7912
22.6148
22.605
22.5952
22.5952
22.5952
22.605
22.6148
22.7912
22.605
22.7814
22.605
22.5952
22.7716
22.5952
22.5854
22.7912
22.5854
22.5756
22.5756
22.5756
22.5756
22.5756
22.5952
22.5756
22.5952
22.5854
22.5756
22.8206
22.5756
22.8304
22.5756
22.5756
22.85
22.5658
22.8108
22.5658
22.8598
22.5756
22.5952
22.5756
22.9578
22.5658
22.5658
22.556
22.5462
22.5364
22.9088
22.5462
22.556
22.5364
22.5462
22.556
22.5462
22.5364
22.5364
22.5266
22.9676
22.5364
22.556
22.5658
22.5658
22.9578
22.9774
22.556
23.0558
22.5364
22.9872
22.556
22.5364
22.997
22.507
22.4972
22.4972
22.4776
22.4678
22.458
22.458
22.458
22.4482
22.4384
22.4384
22.4482
22.4776
22.4776
22.4776
22.4776
22.458
23.046
22.4286
22.4384
22.4286
23.0362
22.4384
22.4776
22.4678
22.458
22.4482
22.4384
22.4188
22.4188
22.4188
22.4188
22.409
22.4188
22.3992
22.3992
22.3992
22.3992
22.9872
22.409
22.3992
22.3992
22.3796
22.3796
22.3796
22.36
22.3502
22.36
22.3502
22.3404
23.4478
22.36
22.9774
22.3796
22.3992
22.4188
22.9676
22.3992
22.3992
22.3992
22.3796
22.3796
22.3796
22.3698
22.9284
22.3404
22.36
22.3502
22.3404
22.3404
22.3404
22.3502
22.3404
22.85
22.3404
22.3502
22.3698
22.3796
22.9186
22.36
22.3502
22.3306
22.3208
22.3208
22.3208
22.3208
22.3012
22.9284
22.3012
22.899
22.3208
22.3012
22.2816
22.3012
22.899
22.2914
22.311
22.311
22.3012
22.3012
22.311
22.2914
22.2816
22.9088
22.2816
22.262
22.2718
22.2816
22.2816
22.2718
22.262
22.2718
22.262
22.2522
22.2522
22.2424
22.2424
22.2424
22.2424
22.5952
22.2522
22.6148
22.2522
22.5756
22.2522
22.262
22.262
22.2424
22.7422
22.2718
22.2914
22.7912
22.2816
22.6932
22.2718
22.262
22.2816
22.2718
22.6736
22.2718
22.2522
22.2522
22.262
22.2718
22.2816
22.2816
22.2718
22.2718
22.5168
22.2816
22.2718
22.262
22.2718
22.2718
22.6148
22.2816
22.6442
22.2816
22.2914
22.6246
22.2914
22.3012
22.6246
22.2914
22.3012
22.6344
22.2816
22.2816
22.3012
22.6736
22.2816
22.2816
22.2718
22.2816
22.2816
22.2718
22.752
22.262
22.262
22.262
22.262
22.262
22.752
22.7422
22.6932
22.262
22.262
22.2522
22.7912
22.8108
22.2424
22.2522
22.2522
22.2522
22.7618
22.2522
22.262
22.7324
22.2424
22.2424
22.2522
22.7716
22.2424
22.2424
22.2522
22.2424
22.8304
22.2326
22.2424
22.9088
22.9284
22.9382
22.2326
22.2326
22.2522
22.2326
22.2424
22.2424
22.2424
22.2424
22.7128
22.2522
22.2424
22.262
22.2424
22.262
22.2424
22.2424
22.2424
22.9284
22.2424
22.2424
22.2326
22.2424
22.2326
22.8794
22.2326
22.213
22.2228
22.2228
22.213
22.2032
22.213
22.213
22.213
22.8892
22.2228
22.213
22.8892
22.2228
22.9186
22.2228
22.8794
22.2228
22.2326
22.8794
22.8696
22.2522
22.899
22.9578
22.262
22.9872
22.2424
22.2424
22.2424
22.2424
22.2228
22.2326
22.213
22.213
22.2032
22.2032
23.0068
22.2032
22.9774
22.2032
23.0166
22.2032
22.2032
22.9872
22.1934
22.2032
22.2032
22.2032
22.9872
22.2032
22.2032
22.9774
22.9774
22.213
22.948
22.213
22.2032
22.948
22.2032
22.1836
22.9284
22.1934
22.1934
22.1836
22.1836
22.1836
22.1836
22.1738
22.9284
22.1738
22.9284
22.164
22.164
22.9578
22.164
22.948
22.164
22.1542
22.1738
22.164
22.1836
22.1836
22.1738
22.164
22.164
22.164
22.164
22.1542
22.1542
22.1542
22.164
22.8794
22.8794
22.1346
22.1346
22.8304
22.115
22.1248
22.115
22.1248
22.115
22.115
22.1052
22.8892
22.115
22.1248
22.1346
22.85
22.9088
22.115
22.9186
22.1248
22.115
22.115
22.1052
22.115
22.115
22.948
22.115
22.9186
22.1052
22.9186
22.0954
22.0954
22.0856
22.9284
22.0856
22.899
22.1052
22.8892
22.115
22.948
22.1248
22.115
22.115
22.1248
22.948
22.1052
22.115
22.9676
22.115
22.115
22.9382
22.1346
22.9284
22.948
22.1444
22.1444
22.1444
22.9676
22.164
22.1542
22.9578
22.164
22.164
22.164
22.164
22.1836
22.1934
22.1836
22.1836
22.1836
22.2032
22.2228
22.2326
22.2228
23.046
23.046
22.2032
22.2032
22.2228
23.046
22.2326
22.2228
22.213
22.213
23.046
22.2032
23.0558
22.1934
22.1738
22.164
22.164
22.164
23.1636
22.1836
22.164
23.193
22.164
23.2126
22.1738
22.1444
22.1346
22.1346
22.1346
22.1248
22.1248
22.1248
22.115
22.115
22.0856
22.0954
22.0856
22.0856
23.3008
23.2714
23.2812
22.0366
23.2322
22.0268
23.2322
22.0268
22.0268
22.017
22.017
22.017
23.291
22.017
22.0072
23.2812
21.9974
21.9974
23.291
21.9876
21.9876
21.9876
21.9778
23.3792
21.9582
21.9484
21.9484
21.9386
21.9288
21.9288
21.919
21.9092
21.9092
21.919
23.34
21.8896
21.8896
23.291
21.8798
21.8798
23.2812
21.87
21.8798
21.8896
21.8798
21.8798
21.87
23.2518
21.8602
21.8406
21.8406
21.8308
21.8308
23.2714
21.821
21.8308
21.8112
23.2224
21.8112
23.2616
21.8112
21.8112
21.8112
21.8014
21.8014
21.8112
23.2224
21.8014
21.8014
21.7916
23.2224
21.7916
23.8594
21.7916
23.2322
21.7818
21.772
23.1832
21.7622
21.7524
21.7622
21.7622
21.7524
21.772
23.2518
23.2616
21.7524
21.7328
21.723
21.723
21.7328
21.7034
21.7132
23.2714
23.3106
21.6936
21.674
21.6642
21.6544
21.6642
23.2812
21.6642
21.6642
21.6642
23.242
21.6544
21.6544
21.6544
21.6544
21.6446
21.6348
23.2322
21.6446
21.6348
21.6348
21.625
21.6348
21.6152
21.6152
21.6152
23.291
23.3008
21.5956
21.5956
23.2812
21.5858
21.5956
21.5858
23.2518
21.5858
23.193
21.5956
21.5956
23.242
21.5956
23.2812
21.5858
21.5858
21.576
23.3792
21.5662
21.5564
21.5662
21.5662
21.5564
21.5564
21.5368
23.6438
21.527
21.5368
21.527
23.6928
23.732
21.527
21.5172
21.4976
21.5074
21.5074
21.4878
21.4682
21.4682
21.478
23.7516
23.7418
21.4878
21.4976
21.4878
23.7418
21.4878
23.7418
21.4682
23.732
21.4584
21.4584
21.4584
21.4682
21.4584
21.4584
23.7124
21.4486
21.4388
21.429
21.4388
23.7124
21.429
23.7222
21.429
21.4388
21.4486
23.781
21.4388
23.781
21.4388
23.781
23.8202
21.4192
21.4192
21.4192
21.429
23.879
21.4192
21.429
21.4192
21.4192
21.4192
21.3996
21.3898
23.879
21.3996
23.8888
21.38
23.928
21.38
21.3702
21.3898
21.38
21.38
21.3604
21.38
23.8888
21.3702
21.3604
23.8594
21.3506
21.3408
21.3408
23.9574
21.3604
21.3604
21.3604
23.9574
23.9182
21.3604
21.3506
23.9476
21.3506
21.3408
21.3506
21.3506
21.3408
21.3408
21.3408
23.9476
21.3212
24.0848
21.331
23.9966
21.3212
21.3212
21.3212
21.331
21.3212
21.3408
24.0456
21.3408
21.3408
21.3408
21.331
21.3212
21.3408
21.3408
21.331
21.3212
21.3212
21.331
21.331
23.9868
21.3212
21.3212
24.0456
21.3114
21.3114
21.3016
21.3212
24.0652
21.3212
21.3016
21.3212
24.0064
21.3016
21.3016
21.3114
21.3114
21.3114
21.3212
21.3212
24.0946
21.3212
24.075
24.0358
21.3408
24.1044
21.3408
24.1338
21.331
24.1044
21.3408
21.3408
21.3212
21.3212
24.1632
21.3114
24.173
21.3212
24.1828
21.3114
21.3114
24.1632
21.3016
24.1828
21.2918
21.3016
21.3016
24.2024
24.1632
21.3016
21.3114
21.3114
24.2416
21.3114
24.1926
21.3016
21.3114
21.3212
21.3114
24.222
21.3016
24.1828
21.3114
21.3212
21.3212
21.3016
21.3016
21.2918
24.2024
21.3016
24.2024
21.2918
21.282
21.282
21.3016
21.2918
21.3016
21.3016
21.282
21.282
24.32
21.282
24.3004
21.282
21.282
21.2722
21.2918
24.3004
21.282
24.3396
24.3004
21.282
24.3396
21.2918
24.32
24.3004
21.3016
24.2808
21.3016
21.2918
21.282
21.282
21.282
21.282
24.3592
21.282
24.3298
21.282
21.282
24.32
21.282
21.2722
24.3396
21.2722
24.32
24.2808
21.2526
21.2526
21.2526
21.2428
21.2526
21.2526
21.2526
24.2808
21.2526
21.2526
21.2624
21.2624
24.32
21.2428
24.3494
21.2428
21.2428
21.2428
21.2428
21.2232
24.3592
21.2428
24.3788
21.2428
24.3788
21.233
21.233
21.2428
24.4082
21.233
21.233
24.4278
21.2232
24.4376
21.233
21.2134
21.2036
21.2134
21.2036
21.2036
21.2036
21.1938
21.1938
24.4866
21.184
24.4572
24.4964
21.1742
24.5258
21.1742
21.1742
21.1742
21.1742
21.184
24.5356
24.4768
21.1742
21.1644
21.1644
21.1644
21.1644
21.1644
24.4572
21.1742
21.1644
21.1742
21.1742
21.184
21.1742
21.1644
21.1644
21.1644
21.1644
21.1546
21.1546
21.1546
21.1644
24.6238
21.1644
21.1448
24.6728
21.135
24.7022
21.1448
21.1252
21.1448
24.614
21.1252
24.663
21.1252
24.6336
21.1252
24.663
21.135
21.1448
21.1252
24.5944
24.6042
21.1252
24.7022
21.1252
21.1252
21.1252
21.1252
21.135
24.7708
21.1252
24.761
21.1252
21.1252
21.1154
21.1252
24.8492
21.1154
24.8394
21.1252
21.1154
24.7708
21.1252
24.7904
21.1252
21.1252
21.1252
24.859
24.8002
24.859
21.1252
21.1252
21.1056
21.1154
21.1154
24.8688
21.1154
21.1154
21.1154
24.859
21.1154
21.1056
21.1056
21.1252
21.1154
24.8884
21.1154
21.1154
21.1252
24.9276
21.1252
24.9668
21.1252
24.957
21.1252
21.1252
21.1252
21.135
21.1448
21.1252
21.1154
25.1922
21.1056
21.1154
21.1056
24.9864
21.1056
25.0452
21.1154
21.1154
21.1056
21.1056
21.1154
25.0648
21.1154
21.1056
25.1236
21.1252
21.1056
21.1154
21.1056
21.1154
21.1154
21.1252
21.1154
25.202
21.1154
21.1056
21.1154
21.1154
21.1056
25.1236
21.1154
21.1154
21.1252
21.1154
25.1138
21.1252
25.1824
21.1252
21.1056
21.1154
21.1056
25.1628
21.1056
21.1056
21.1056
21.0958
21.1056
21.0958
21.1056
21.1252
25.3686
21.1056
21.1056
25.3196
21.1056
25.2804
21.0958
25.3294
21.1056
21.1056
21.1056
21.1056
25.3196
21.1252
21.1154
21.1252
21.1252
21.1252
21.1252
21.135
21.1252
21.1154
21.1154
21.1252
21.1056
21.1252
21.1252
21.1252
21.1056
21.1252
21.1056
21.1252
21.1154
25.5156
21.1056
21.1154
25.5156
21.1056
21.1154
25.5352
21.1056
21.1056
21.1056
25.5744
21.1056
21.1056
21.1056
21.1154
21.1056
21.1056
21.1252
25.5548
21.1154
25.6136
21.1154
25.6332
21.1252
21.1252
25.6234
21.1448
21.1252
21.135
21.1252
21.135
21.1252
21.1252
21.1154
25.7116
21.1252
21.1154
25.7116
21.1154
21.1252
21.135
21.1252
21.1056
25.79
21.1056
25.8488
21.1154
25.7802
21.1056
25.8194
21.1154
21.1056
21.1056
25.7606
21.1154
25.7802
21.1252
25.8292
21.1154
21.1154
25.8096
21.1252
21.1056
21.1056
21.1252
21.1056
21.1154
21.1154
21.1154
21.1056
21.1154
21.1056
21.1154
21.1154
21.1252
21.1252
21.1154
21.1154
21.1252
21.1154
21.1056
21.1154
21.1154
21.1252
26.0938
26.0644
21.1252
21.1252
26.0448
21.1154
21.1154
26.0448
21.1056
21.1056
26.1134
21.1252
21.1154
21.1252
21.1154
26.1722
21.135
21.135
21.1448
21.3212
26.2212
21.6838
26.2702
22.0366
22.4188
22.6148
22.7814
22.8794
26.2212
22.9872
23.0852
23.2518
23.34
23.4184
23.4968
23.536
26.28
23.585
23.6046
26.3486
23.6046
23.634
23.634
26.3486
23.6536
26.4368
26.3682
23.6634
23.634
23.6438
26.5642
26.574
26.5642
23.536
26.4956
23.4282
26.476
23.3008
23.1832
26.5544
23.0166
22.9676
22.8892
22.8696
22.7814
22.6932
22.6344
26.6132
22.5952
22.5462
22.4678
22.3992
22.3306
22.3012
26.6426
22.2816
22.2326
26.6818
22.1836
22.164
22.1444
22.115
22.115
22.1052
22.0464
22.2326
26.77
22.2228
22.2424
22.164
22.3012
22.213
26.8484
22.1346
26.917
22.1052
22.0856
26.9268
22.0562
26.9464
22.0758
22.0758
26.9954
22.017
21.9876
27.0346
22.0268
22.0268
21.9974
21.9876
21.9876
21.9876
21.9876
27.2698
21.968
22.0072
21.9974
27.1326
21.968
27.2208
27.2012
27.1326
27.1914
21.9876
22.0758
27.2894
22.066
27.2796
22.066
22.0954
22.115
22.1248
27.2894
22.1248
27.4168
22.1444
22.213
22.2522
22.2816
27.554
22.2816
22.2914
27.4462
27.4854
22.2718
27.5148
22.3012
22.3012
22.311
22.3306
22.36
22.36
22.3502
22.3306
22.3796
22.3698
27.7108
22.36
27.7696
22.3698
22.36
22.3796
22.4384
22.458
22.4776
22.4972
22.507
22.4776
22.4776
22.4972
27.848
22.507
27.8578
22.5952
22.605
27.8872
22.6148
27.9754
22.605
27.9166
22.5854
27.9754
22.6148
27.9852
22.5658
22.556
22.5658
22.605
22.5952
22.5658
28.0734
22.605
22.556
28.1518
22.5658
22.5364
28.0832
22.4678
28.1714
22.4286
22.458
22.556
22.5658
28.2988
22.6932
22.6638
22.6932
28.2694
22.6834
22.6932
22.654
22.6834
22.703
22.7324
22.7226
22.7422
22.7814
22.7912
28.485
22.8696
28.3772
22.8794
28.5046
28.5242
28.5732
22.7912
22.8206
22.7618
22.7422
22.8402
22.8304
22.85
22.8598
22.8892
22.9284
22.997
22.9284
22.9088
22.9186
22.8892
22.8892
22.8794
28.7202
22.899
28.73
22.8892
22.8696
22.8304
22.8696
22.8892
22.8892
28.779
22.8696
22.8598
28.9652
22.8794
22.85
28.926
22.8108
29.073
22.801
22.8598
22.899
22.9284
29.1024
22.85
22.8304
29.318
22.8794
22.8206
22.8108
29.2004
29.2004
29.367
29.318
29.3572
29.3474
29.416
29.612
29.8472
29.4748
29.5336
29.8276
29.465
29.7982
29.5532
29.6414
29.6414
29.71
29.6218
29.661
29.7394
29.8668
29.8276
29.9942
29.808
29.8864
29.9452
29.8472
29.857
30.0726
29.9844
29.9844
30.0236
29.9452
30.0824
30.004
30.2392
30.3372
30.1804
30.1902
30.1608
30.4352
30.347
30.4352
30.4156
30.298
30.3666
30.494
30.6018
30.5528
30.7194
30.7292
30.5332
30.6214
30.6704
30.7684
30.8468
30.8076
30.6998
30.6998
30.8762
30.935
30.8958
31.0036
31.0134
31.1604
31.229
30.9546
31.2976
31.1408
31.1114
31.1408
31.4054
31.2682
31.3172
31.4838
31.376
31.327
31.327
31.4446
31.8856
31.5132
31.572
31.5622
31.7288
31.7876
31.8856
31.9444
31.9542
32.0718
32.1796
32.2188
32.7676
32.3756
32.4442
32.4344
32.4148
32.405
32.5716
32.5814
32.6304
32.6108
32.6696
32.7676
32.7872
32.7676
32.748
32.9244
33.0322
33.0812
33.0126
33.2184
33.336
33.3556
33.2968
33.5026
33.4536
34.0122
33.5026
33.7378
33.4732
33.4928
33.7182
33.7966
33.7672
33.8358
33.8456
34.2572
34.0024
34.0416
33.9142
34.1298
34.0514
34.0612
34.1886
34.9824
