21.8014
21.8014
21.7916
21.7818
21.7622
21.772
21.772
21.772
21.772
21.772
21.7622
21.6936
21.6348
21.6152
21.6054
21.6054
21.5956
21.6152
21.6446
21.6544
21.6446
21.6544
21.6446
21.6348
21.5956
21.576
21.5858
21.5858
21.5662
21.576
21.5564
21.5368
21.5368
21.5466
21.5368
21.5368
21.5466
21.527
21.4976
21.4976
21.4976
21.4388
21.4192
21.3996
21.3898
21.3702
21.3702
21.3604
21.3604
21.3702
21.3506
21.3604
21.3702
21.3604
21.3702
21.3604
21.3604
21.3604
21.3506
21.3604
21.3702
21.3506
21.3604
21.3408
21.3212
21.282
21.282
21.282
21.2428
21.2526
21.2624
21.2232
21.2134
21.184
21.1644
21.1644
21.1742
21.1644
21.1742
21.1742
21.184
21.1938
21.184
21.184
21.1742
21.1644
21.1252
21.135
21.1448
21.1448
21.1154
21.1154
21.1154
21.1056
21.1056
21.086
21.0958
21.086
21.0958
21.0762
21.086
21.086
21.0762
21.0664
21.0566
21.0468
21.037
21.0076
21.0272
21.0174
21.0076
20.9782
20.9782
20.9782
20.988
20.988
20.9782
20.9782
20.988
20.988
20.9978
20.9684
20.9684
20.9488
20.9488
20.939
20.939
20.939
20.9292
20.9096
20.89
20.8704
20.8704
20.8704
20.8704
20.89
20.8802
20.8704
20.8802
20.8704
20.8704
20.8606
20.8704
20.8704
20.8508
20.841
20.8214
20.8116
20.8312
20.8116
20.8116
20.8214
20.8214
20.8116
20.8116
20.8116
20.792
20.7724
20.7724
20.7724
20.7724
20.7626
20.7626
20.7626
20.7528
20.7332
20.743
20.7332
20.7332
20.7332
20.7136
20.6744
20.6744
20.694
20.7332
20.7332
20.7332
20.7332
20.743
20.7234
20.7136
20.694
20.694
20.694
20.694
20.7136
20.7234
20.7038
20.694
20.694
20.6548
20.6646
20.6548
20.6548
20.645
20.645
20.645
20.6352
20.6352
20.6254
20.6058
20.596
20.5862
20.5666
20.5666
20.5666
20.5764
20.5568
20.5666
20.5568
20.5666
20.5764
20.5568
20.5666
20.5764
20.547
20.547
20.5372
20.5372
20.5372
20.547
20.5568
20.547
20.5568
20.5568
20.5568
20.5568
20.5568
20.5274
20.5372
20.5372
20.5176
20.498
20.498
20.4784
20.4784
20.4588
20.4392
20.4588
20.4392
20.4686
20.4588
20.4588
20.4588
20.4588
20.4588
20.4392
20.4294
20.4
20.4
20.3902
20.3804
20.3804
20.3804
20.3804
20.3902
20.3706
20.3902
20.4
20.3902
20.3706
20.3804
20.3706
20.3608
20.3314
20.3216
20.3314
20.3216
20.3314
20.3216
20.3216
20.3314
20.3216
20.3412
20.3314
20.3314
20.3412
20.3314
20.3118
20.3118
20.302
20.302
20.302
20.2824
20.2824
20.2824
20.2726
20.2824
20.302
20.302
20.302
20.302
20.302
20.2922
20.2824
20.2628
20.2628
20.2628
20.2628
20.253
20.2432
20.2432
20.2432
20.2334
20.2432
20.2432
20.2334
20.2334
20.2236
20.2334
20.2138
20.204
20.1942
20.2138
20.204
20.204
20.204
20.1942
20.155
20.1452
20.1256
20.1256
20.1256
20.106
20.0766
20.0766
20.0766
20.0668
20.0668
20.0472
20.0472
20.0472
20.0472
20.0374
20.0276
20.0276
20.0374
20.0472
20.0668
20.057
20.0668
20.0668
20.008
20.0178
20.008
19.9982
19.9982
19.9982
19.9982
19.9884
19.9884
19.9884
19.9688
19.9492
19.9296
19.9002
19.9002
19.8904
19.91
19.9198
19.8904
19.91
19.8806
19.8806
19.8708
19.8708
19.861
19.8806
19.8708
19.8512
19.8316
19.8316
19.8022
19.8022
19.7728
19.7826
19.8022
19.7924
19.7826
19.7924
19.7826
19.7728
19.763
19.7728
19.7728
19.7532
19.7434
19.7336
19.7532
19.7336
19.7434
19.7532
19.7434
19.7532
19.7532
19.7336
19.7434
19.7532
19.7532
19.714
19.6552
19.6748
19.6944
19.6944
19.714
19.714
19.6944
19.714
19.714
19.6748
19.665
19.6748
19.6552
19.665
19.6552
19.665
19.665
19.6552
19.6454
19.6258
19.6356
19.6454
19.6356
19.5866
19.5866
19.5572
19.5376
19.5572
19.5572
19.5572
19.5572
19.5768
19.6062
19.5964
19.567
19.5376
19.518
19.518
19.4984
19.5082
19.4886
19.4984
19.4886
19.4886
19.4886
19.4788
19.4788
19.4788
19.4788
19.4788
19.4886
19.518
19.4984
19.5082
19.4984
19.4984
19.469
19.4592
19.4788
19.4592
19.4592
19.4592
19.469
19.4592
19.4396
19.3906
19.371
19.3808
19.371
19.371
19.371
19.3612
19.3318
19.3318
19.3416
19.3416
19.322
19.3318
19.3416
19.3514
19.322
19.322
19.3024
19.3122
19.3024
19.2926
19.2828
19.2828
19.2828
19.2828
19.2436
19.2338
19.2142
19.2436
19.2534
19.2436
19.2436
19.224
19.2044
19.2044
19.2044
19.2044
19.1946
19.1848
19.175
19.1652
19.1652
19.1456
19.1456
19.1554
19.1456
19.1554
19.1456
19.1358
19.126
19.1162
19.1064
19.0868
19.0868
19.0574
19.0574
19.0476
19.028
19.0378
19.028
19.0182
19.0084
19.0084
19.0084
19.0084
18.9888
18.9888
18.9888
18.979
18.9594
18.9692
18.9692
18.979
18.979
18.9692
18.979
18.9692
18.9888
18.9692
18.9496
18.9594
18.9496
18.9496
18.9496
18.93
18.93
18.93
18.9496
18.9496
18.979
18.9692
18.9888
18.9692
18.9692
18.9496
18.9496
18.93
18.9202
18.9202
18.9202
18.9104
18.8908
18.8712
18.8712
18.8614
18.8516
18.8516
18.8516
18.8418
18.8222
18.8124
18.8026
18.832
18.8124
18.7928
18.7928
18.7732
18.7536
18.7536
18.7438
18.7438
18.7536
18.7536
18.7438
18.7438
18.734
18.7242
18.7242
18.7144
18.7046
18.7144
18.7144
18.7046
18.6948
18.685
18.7046
18.6948
18.685
18.6948
18.685
18.6654
18.6654
18.6752
18.6752
18.6948
18.6752
18.6556
18.6556
18.6556
18.636
18.636
18.636
18.6262
18.6164
18.6164
18.6164
18.5968
18.6164
18.6066
18.6066
18.5478
18.5674
18.5674
18.5674
18.5674
18.5576
18.5282
18.5184
18.5282
18.5282
18.5282
18.538
18.5184
18.5086
18.4988
18.4988
18.4792
18.4792
18.489
18.4694
18.4792
18.4694
18.4694
18.4792
18.4792
18.4694
18.4694
18.4596
18.4596
18.4498
18.4596
18.4596
18.44
18.4302
18.44
18.44
18.4302
18.4106
18.4106
18.4204
18.4204
18.4008
18.4008
18.391
18.3812
18.391
18.3812
18.3812
18.3616
18.3714
18.3616
18.342
18.342
18.3518
18.342
18.3322
18.342
18.3322
18.342
18.3322
18.3224
18.3322
18.3224
18.3322
18.342
18.3224
18.3028
18.3224
18.3224
18.3126
18.3126
18.3028
18.3028
18.2832
18.2832
18.2636
18.244
18.2538
18.244
18.244
18.2538
18.244
18.244
18.244
18.244
18.244
18.2342
18.2342
18.2244
18.2244
18.2048
18.2048
18.2244
18.2048
18.2146
18.2146
18.2048
18.195
18.1852
18.1754
18.1852
18.1656
18.1656
18.1656
18.1656
18.1362
18.1362
18.146
18.1264
18.1264
18.1362
18.1264
18.1264
18.146
18.1558
18.1362
18.146
18.146
18.1362
18.1362
18.1264
18.1166
18.1166
18.1166
18.1166
18.1068
18.1068
18.097
18.0774
18.0676
18.048
18.0676
18.0676
18.0676
18.048
18.048
18.0578
18.048
18.0382
18.048
18.048
18.048
18.048
18.048
18.048
18.048
18.048
18.048
18.0578
18.0578
18.048
18.0382
18.0284
18.048
18.0382
18.0382
18.048
18.048
18.0578
18.0676
18.0578
18.0676
18.0676
18.0872
18.0872
18.0676
18.0676
18.0676
18.0676
18.0676
18.0676
18.0676
18.0578
18.048
18.0382
18.0186
18.0284
18.0088
17.9892
17.9892
18.0088
17.9892
17.999
17.9892
17.9892
17.9892
17.9696
17.95
17.9402
17.9402
17.95
17.9304
17.9402
17.9304
17.9206
17.9304
17.9108
17.9108
17.901
17.8912
17.8912
17.8814
17.8716
17.8716
17.852
17.852
17.852
17.8422
17.8422
17.8324
17.8226
17.8226
17.8226
17.803
17.803
17.7932
17.7932
17.7834
17.7736
17.7736
17.7736
17.7736
17.7638
17.7638
17.7736
17.7736
17.754
17.754
17.7344
17.7344
17.7246
17.7246
17.7246
17.7344
17.7442
17.754
17.7442
17.7442
17.754
17.7638
17.7638
17.7736
17.7736
17.7736
17.7736
17.7736
17.7736
17.7638
17.754
17.754
17.7442
17.7442
17.7344
17.7344
17.7344
17.7344
17.7148
17.6952
17.6854
17.6854
17.6756
17.6756
17.6756
17.6364
17.6364
17.6364
17.6168
17.6168
17.5972
17.607
17.5972
17.5874
17.5874
17.558
17.558
17.558
17.558
17.558
17.5482
17.558
17.5678
17.558
17.5384
17.5384
17.5286
17.5188
17.5286
17.5188
17.5188
17.4992
17.509
17.4992
17.4894
17.4992
17.4894
17.4992
17.5188
17.5384
17.5188
17.5286
17.5188
17.5384
17.5384
17.5482
17.558
17.558
17.558
17.5678
17.5776
17.558
17.5678
17.5776
17.5776
17.5776
17.5776
17.5678
17.558
17.5482
17.5482
17.5384
17.5384
17.5384
17.5286
17.5384
17.5188
17.5286
17.5188
17.5286
17.5188
17.509
17.509
17.4992
17.5188
17.4992
17.4992
17.4992
17.4992
17.4992
17.4894
17.4992
17.4796
17.4796
17.4796
17.4796
17.46
17.46
17.4698
17.46
17.46
17.4502
17.4404
17.4404
17.4502
17.4502
17.46
17.4404
17.4502
17.4404
17.4404
17.4208
17.4208
17.4208
17.411
17.411
17.411
17.411
17.4306
17.4306
17.4306
17.4208
17.4208
17.4208
17.411
17.4208
17.4208
17.3914
17.3914
17.411
17.4012
17.3914
17.3914
17.3816
17.3914
17.3816
17.3816
17.362
17.3816
17.3816
17.3816
17.3914
17.3816
17.3718
17.362
17.362
17.3522
17.362
17.3718
17.3816
17.3914
17.4012
17.4208
17.411
17.4208
17.4208
17.4306
17.4306
17.4306
17.4306
17.4404
17.4208
17.4012
17.411
17.411
17.4012
17.4012
17.4012
17.411
17.4208
17.411
17.4208
17.4208
17.4012
17.3914
17.4012
17.4012
17.3914
17.3816
17.3816
17.3816
17.3816
17.3816
17.3718
17.3816
17.3718
17.3816
17.3718
17.3522
17.3424
17.3424
17.362
17.3522
17.3522
17.3228
17.3228
17.3326
18.4596
19.273
19.861
19.9688
20.1648
20.253
20.3314
20.3608
20.5078
20.8018
20.8704
20.9194
20.9684
21.0272
21.0762
21.1056
21.1448
21.233
21.2624
21.282
21.282
21.331
21.3506
21.38
21.4388
21.4682
21.4976
21.527
21.576
21.6348
21.6936
21.7916
21.7916
21.8112
21.8406
21.8308
21.8504
21.8602
21.919
21.9386
21.9484
21.9876
21.9974
22.0072
22.0758
22.066
22.1052
22.1248
22.164
22.1444
22.1542
22.164
22.1738
22.2228
22.2424
22.262
22.3012
22.3306
22.3404
22.3502
22.3306
22.3404
22.3502
22.3992
22.4384
22.4874
22.5168
22.556
22.5658
22.5952
22.6148
22.6246
22.654
22.6442
22.654
22.6932
22.7128
22.7422
22.7716
22.85
22.8794
22.9088
22.9284
22.9872
22.997
23.0264
23.046
23.0852
23.095
23.1048
23.095
23.1244
23.1342
23.1734
23.193
23.2028
23.2616
23.2812
23.3204
23.34
23.3498
23.3694
23.3694
23.3792
23.3988
23.4184
23.4576
23.4968
23.536
23.536
23.5948
23.5948
23.634
23.634
23.6438
23.6536
23.7614
23.8104
23.8496
23.8692
23.8888
23.8888
23.9084
23.9084
23.928
23.9476
23.977
23.9868
24.0064
24.0162
24.0358
24.0652
24.1044
24.1044
24.1436
24.1632
24.1926
24.2514
24.3102
24.32
24.3396
24.3494
24.369
24.3984
24.4082
24.418
24.418
24.4376
24.4376
24.4376
24.4278
24.4082
24.3886
24.3396
24.3102
24.2416
24.0456
23.8888
23.6732
23.6144
23.6242
23.5066
23.5458
23.7614
23.8202
23.9966
24.0456
24.2318
24.32
24.3886
24.4474
24.418
24.4474
24.418
24.369
24.2808
24.222
24.2612
24.2024
24.32
24.3886
24.5356
24.5944
24.6336
24.6826
24.712
24.7414
24.81
24.859
24.908
24.957
25.006
24.9962
25.006
25.0452
25.006
25.0354
24.9864
25.0158
25.0158
24.9962
25.055
25.1236
25.1236
25.1628
25.1334
25.1138
25.0942
25.0452
25.0158
25.0256
25.0648
25.153
25.1824
25.1922
25.1922
25.0942
25.104
25.1922
25.3196
25.2902
25.104
25.1726
25.104
25.202
25.1922
25.1922
25.3
25.4372
25.398
25.3196
25.3
25.1432
25.1824
25.3392
25.398
25.5548
25.6332
25.692
25.7704
25.7508
25.496
25.6038
25.7214
25.8194
25.6136
25.5842
25.7214
25.741
25.8194
25.8488
25.6234
25.4862
25.594
25.741
25.7802
25.8194
25.8194
25.692
25.6038
25.6234
25.4078
25.3392
25.0942
25.0256
24.8198
24.7218
24.7512
24.6924
24.6042
24.5846
24.5944
24.614
24.5944
24.5356
24.4376
24.4768
24.4964
24.3592
24.2612
24.222
24.2122
24.173
24.32
24.3004
24.2416
24.271
24.2122
24.1534
24.1338
24.0946
24.1436
24.1828
24.1632
24.1338
24.2612
24.1926
24.026
24.0456
24.0652
24.0162
24.0064
23.9672
23.928
23.9476
23.9084
23.8888
23.8496
23.8692
23.7908
23.6438
23.6634
23.6536
23.7516
23.7222
23.6536
23.7026
23.7418
23.7516
23.8006
23.7418
23.6928
23.732
23.6732
23.7418
23.8104
23.8692
23.8692
23.732
23.6928
23.7712
23.7418
23.6536
23.5458
23.6144
23.6928
23.7124
23.6732
23.6634
23.6732
23.732
23.6634
23.8006
23.879
23.928
23.8692
23.8692
23.7516
23.8594
23.732
23.6732
23.7516
23.6928
23.732
23.8006
23.8398
23.8496
23.9084
23.9084
23.8888
23.9182
23.928
23.928
23.9182
23.8398
23.8104
23.8202
23.8398
23.9084
23.8398
23.8888
23.8692
23.8888
23.9672
23.9574
23.8986
23.9378
23.928
24.0064
24.026
24.026
24.026
24.0652
24.075
24.0652
24.0358
24.0064
24.1044
24.0848
24.1142
24.1436
24.1142
24.0946
24.0358
24.0652
24.0652
24.1632
24.124
24.1436
24.1044
24.1436
24.1436
24.0358
24.0456
24.2024
24.2318
24.124
24.0358
24.0652
24.1044
24.1044
24.1338
24.173
24.2906
24.418
24.2416
24.2808
24.3004
24.32
24.3396
24.3592
24.3592
24.3396
24.3494
24.3592
24.3102
24.2808
24.3004
24.32
24.2808
24.32
24.3396
24.3396
24.2612
24.1926
24.2612
24.2024
24.2122
24.271
24.3102
24.2122
24.2416
24.3788
24.32
24.3396
24.3592
24.3788
24.4376
24.3984
24.4278
24.3102
24.32
24.369
24.3886
24.3592
24.3396
24.4082
24.3102
24.32
24.4082
24.4082
24.4768
24.614
24.565
24.5258
24.467
24.3788
24.3396
24.4474
24.4376
24.3788
24.4082
24.3494
24.4278
24.4572
24.4768
24.5062
24.4376
24.418
24.3886
24.418
24.4474
24.418
24.4376
24.418
24.4376
24.4376
24.4278
24.467
24.3984
24.3886
24.4082
24.4278
24.3984
24.369
24.2122
24.3592
24.4278
24.4376
24.4376
24.2612
24.2024
24.1632
24.1926
24.2024
24.32
24.4082
24.418
24.4376
24.4768
24.4768
24.4082
24.4572
24.4376
24.3984
24.4082
24.4572
24.4768
24.5258
24.516
24.5062
24.5552
24.5454
24.5062
24.4376
24.3886
24.3494
24.2514
24.271
24.32
24.3396
24.3298
24.3788
24.3788
24.3396
24.3592
24.4376
24.4572
24.4964
24.5062
24.467
24.4278
24.369
24.3592
24.369
24.3004
24.222
24.2612
24.222
24.2122
24.173
24.2122
24.2122
24.2122
24.1828
24.2024
24.3004
24.3396
24.3396
24.32
24.3984
24.4376
24.418
24.3984
24.5062
24.516
24.5454
24.5062
24.4964
24.467
24.5356
24.4964
24.5356
24.5552
24.5748
24.5748
24.5454
24.565
24.614
24.6532
24.5748
24.565
24.516
24.516
24.4572
24.4572
24.3494
24.32
24.4278
24.369
24.32
24.369
24.3102
24.271
24.271
24.418
24.4082
24.4572
24.4474
24.4474
24.4082
24.3004
24.3102
24.3396
24.3494
24.3494
24.3984
24.418
24.3788
24.3298
24.3396
24.3984
24.4082
24.4376
24.4376
24.4278
24.3102
24.3396
24.3788
24.3494
24.3788
24.3494
24.32
24.2612
24.2318
24.3004
24.3102
24.2514
24.2514
24.2024
24.2122
24.2024
24.222
24.173
24.1436
24.1142
24.0652
24.075
24.0652
24.0652
24.124
24.1044
23.928
23.9672
24.0358
24.0554
24.0946
24.124
24.1142
24.124
24.0456
23.9476
23.9868
23.928
23.8888
23.8398
23.8496
23.9378
23.8888
23.9378
23.9966
23.83
24.1044
24.1142
24.1926
24.2514
24.222
24.2906
24.222
24.2318
24.32
24.32
24.3004
24.271
24.3004
24.2024
24.2122
24.2416
24.222
24.2122
24.1436
24.1044
24.0848
24.1828
24.1534
24.2024
24.1338
24.1436
24.2024
24.1632
24.1632
24.1632
24.2024
24.1926
24.1828
24.1142
24.124
23.9966
23.977
24.026
23.928
23.9182
23.9966
24.026
23.9868
23.9182
23.9672
23.8104
23.732
23.7908
23.7908
23.8104
23.7712
23.7222
23.7516
23.634
23.6438
23.8006
23.83
23.8986
23.928
23.928
23.8594
23.83
23.8006
23.781
23.7712
23.8202
23.8202
23.8496
23.781
23.7614
23.7908
23.7712
23.7516
23.8006
23.7712
23.7222
23.7124
23.732
23.7222
23.683
23.6732
23.7026
23.6928
23.6928
23.6046
23.4674
23.3792
23.3596
23.389
23.438
23.4674
23.487
23.34
23.3204
23.3204
23.3498
23.2616
23.2812
23.242
23.242
23.2518
23.2812
23.2126
23.2616
23.2714
23.3106
23.2714
23.2812
23.3596
23.438
23.4478
23.3792
23.3498
23.3792
23.3792
23.3498
23.4086
23.3596
23.34
23.3204
23.3204
23.34
23.3498
23.3596
23.2616
23.2322
23.193
23.2224
23.2028
23.0166
23.0166
22.9284
22.8598
22.85
22.7128
22.7226
22.7128
22.5364
22.4776
22.458
22.4874
22.4972
22.4972
22.4776
22.3796
22.3208
22.3306
22.3208
22.2816
22.1346
22.0856
22.066
22.0366
22.0366
22.017
22.0072
21.9582
21.9288
21.9386
21.9386
21.968
21.968
21.9582
21.9092
21.8602
21.8896
21.919
21.9288
21.9092
21.9288
21.9288
21.9288
21.9092
21.8798
21.9288
21.8504
21.8504
21.8112
21.8798
21.8602
21.87
21.8602
21.87
21.8896
21.9092
21.9092
21.9288
21.9092
21.8798
21.87
21.8504
21.8112
21.821
21.8112
21.8112
21.7916
21.6838
21.6936
21.7132
21.7132
21.7034
21.7132
21.674
21.6642
21.6936
21.6936
21.6544
21.6446
21.5858
21.5956
21.5368
21.4976
21.5172
21.4976
21.527
21.5662
21.5564
21.5956
21.5368
21.5172
21.527
21.5074
21.4976
21.429
21.3996
21.3996
21.3996
21.3996
21.4094
21.4094
21.3996
21.4094
21.3996
21.3996
21.4094
21.38
21.4094
21.3996
21.4388
21.4584
21.4192
21.4192
21.3996
21.38
21.3898
21.3996
21.3702
21.3702
21.3506
21.3604
21.38
21.4584
21.478
21.576
21.5858
21.6054
21.6054
21.5956
21.5956
21.6054
21.5956
21.6936
21.6936
21.6936
21.7132
21.7328
21.723
21.7132
21.7328
21.7328
21.7132
21.7132
21.7132
21.723
21.7132
21.6838
21.6446
21.5956
21.576
21.5858
21.625
21.6152
21.6054
21.6054
21.6152
21.6054
21.5956
21.6054
21.5956
21.576
21.5564
21.5368
21.527
21.5368
21.5074
21.5074
21.4976
21.4682
21.478
21.4976
21.4976
21.4976
21.5172
21.5172
21.5172
21.5172
21.5368
21.5466
21.5466
21.5564
21.5466
21.5368
21.5172
21.527
21.5172
21.5074
21.5074
21.4976
21.4878
21.4878
21.478
21.478
21.478
21.4486
21.4388
21.4094
21.4192
21.4192
21.4094
21.4094
21.3898
21.3898
21.3898
21.4094
21.4094
21.3996
21.3898
21.38
21.3604
21.3604
21.3702
21.3506
21.3506
21.3212
21.3212
21.3016
21.2918
21.2918
21.282
21.2722
21.2722
21.282
21.282
21.3114
21.3212
21.3114
21.3114
21.3016
21.3016
21.282
21.3016
21.2526
21.2428
21.2526
21.2624
21.2722
21.2526
21.2722
21.2624
21.2526
21.233
21.2134
21.2036
21.2134
21.2134
21.2036
21.184
21.1742
21.1644
21.184
21.2036
21.184
21.1742
21.184
21.1644
21.1644
21.1644
21.1644
21.1938
21.1546
21.1448
21.135
21.1252
21.1056
21.1056
21.086
21.086
21.086
21.0958
21.1056
21.1252
21.1252
21.135
21.1252
21.1056
21.1252
21.1056
21.0958
21.0664
21.0664
21.0762
21.0958
21.1056
21.1056
21.086
21.0664
21.0664
21.0468
21.0468
21.0468
21.0076
20.9978
21.0076
20.988
20.988
20.988
20.9782
20.9782
20.9684
20.9684
20.9684
20.9684
20.9488
20.9488
20.939
20.9488
20.9488
20.939
20.9292
20.9292
20.9292
20.9292
20.9292
20.9292
20.9194
20.9194
20.9096
20.9194
20.89
20.89
20.8998
20.89
20.89
20.89
20.89
20.89
20.8704
20.8704
20.8704
20.8508
20.8606
20.8508
20.8508
20.8606
20.8508
20.8704
20.8508
20.8508
20.841
20.841
20.8606
20.841
20.841
20.841
20.8312
20.8312
20.8312
20.8312
20.8312
20.8214
20.8312
20.8312
20.8116
20.8116
20.8018
20.792
20.792
20.8018
20.792
20.7822
20.7822
20.7528
20.7626
20.7528
20.7626
20.7724
20.7724
20.7626
20.7626
20.7724
20.7528
20.743
20.7528
20.7626
20.7626
20.7528
20.7528
20.743
20.7332
20.7332
20.7332
20.7332
20.7332
20.7332
20.7234
20.7332
20.7234
20.7332
20.7136
20.7136
20.6842
20.6744
20.6842
20.6842
20.694
20.694
20.6842
20.6842
20.6842
20.694
20.6842
20.6646
20.6646
20.6646
20.6744
20.6646
20.6744
20.6646
20.6646
20.6156
20.6058
20.6058
20.6156
20.6058
20.6156
20.6058
20.6254
20.6254
20.6352
20.645
20.6352
20.6254
20.6254
20.6352
20.6352
20.6352
20.6254
20.6352
20.6352
20.6156
20.6156
20.6156
20.6254
20.6156
20.6156
20.6058
20.596
20.6156
20.596
20.5862
20.596
20.596
20.596
20.5862
20.5764
20.5764
20.5568
20.547
20.5372
20.5372
20.5372
20.5372
20.5372
20.5372
20.5274
20.5176
20.5274
20.5372
20.5176
20.5176
20.5176
20.5274
20.5176
20.5078
20.5176
20.5078
20.5078
20.5176
20.5078
20.5078
20.498
20.4882
20.498
20.4882
20.498
20.4882
20.4784
20.4882
20.4784
20.4784
20.4784
20.4588
20.4686
20.4588
20.449
20.449
20.449
20.449
20.4588
20.4294
20.4196
20.4098
20.4196
20.4196
20.4196
20.4
20.4098
20.4
20.4098
20.4
20.4
20.4
20.4098
20.4
20.4
20.4
20.4
20.4
20.3804
20.3804
20.3902
20.3804
20.3706
20.3706
20.3706
20.3608
20.3706
20.3608
20.3412
20.3412
20.3412
20.3412
20.3412
20.3314
20.3216
20.3216
20.3216
20.3118
20.3118
20.302
20.3118
20.302
20.3118
20.2922
20.2824
20.2726
20.2628
20.2726
20.2628
20.2628
20.2628
20.253
20.2628
20.2432
20.2432
20.253
20.2432
20.2334
20.2432
20.2236
20.2236
20.2236
20.204
20.204
20.1844
20.1844
20.1844
20.1844
20.1844
20.1746
20.1844
20.1844
20.1844
20.1844
20.1648
20.1844
20.1746
20.1648
20.1746
20.1746
20.1844
20.1746
20.1844
20.1746
20.1648
20.1648
20.1452
20.1452
20.1354
20.1354
20.1256
20.1354
20.1256
20.1256
20.1256
20.1256
20.106
20.1256
20.1256
20.1256
20.1256
20.1256
20.1256
20.1256
20.1256
20.1158
20.106
20.1158
20.106
20.106
20.0962
20.0864
20.0864
20.106
20.0962
20.1158
20.0962
20.0962
20.0864
20.0668
20.0766
20.0668
20.0766
20.0766
20.0864
20.0864
20.0766
20.0668
20.0668
20.0766
20.057
20.0668
20.057
20.0668
20.0472
20.057
20.0472
20.0374
20.0472
20.0276
20.0276
20.0472
20.0374
20.0276
20.0276
20.0276
20.008
20.008
20.008
20.008
20.008
19.9982
19.9884
19.9982
19.9884
19.9884
19.9884
19.9884
19.9884
19.9884
19.9884
19.9884
19.9884
19.9786
19.9786
19.9786
19.9884
19.9786
19.9786
19.9786
19.9884
19.9688
19.9688
19.9688
19.9688
19.9688
19.959
19.9492
19.959
19.959
19.9492
19.9492
19.9492
19.9296
19.9492
19.9296
19.9296
19.9198
19.9198
19.9296
19.91
19.91
19.91
19.91
19.9002
19.8904
19.8904
19.8904
19.8904
19.9002
19.8904
19.8904
19.8708
19.8904
19.8708
19.8806
19.8904
19.8806
19.8708
19.8708
19.8708
19.8806
19.8708
19.8806
19.8512
19.861
19.8512
19.8512
19.8414
19.8316
19.8512
19.8414
19.8414
19.8414
19.8414
19.8218
19.8316
19.8316
19.8218
19.8218
19.8414
19.8316
19.8218
19.8218
19.8316
19.8316
19.812
19.8022
19.8022
19.8022
19.812
19.812
19.8022
19.8022
19.7924
19.8022
19.8022
19.7826
19.7924
19.7924
19.7826
19.7924
19.7924
19.7924
19.7924
19.7924
19.7826
19.7924
19.7924
19.7826
19.7924
19.7826
19.7728
19.763
19.7728
19.763
19.7532
19.7336
19.7238
19.714
19.714
19.7042
19.714
19.6944
19.6944
19.6846
19.6748
19.6748
19.6748
19.665
19.6552
19.6552
19.6454
19.6454
19.6356
19.6356
19.616
19.616
19.616
19.5866
19.5964
19.5768
19.5572
19.567
19.5572
19.5376
19.5376
19.518
19.518
19.518
19.5082
19.5082
19.4984
19.4984
19.4886
19.4788
19.469
19.4494
19.4396
19.4494
19.4396
19.4396
19.42
19.42
19.4004
19.4004
19.4004
19.4004
19.4004
19.3808
19.3808
19.3808
19.3612
19.371
19.3514
19.3514
19.3416
19.3416
19.3612
19.3416
19.3416
19.3416
19.3318
19.3122
19.3122
19.3122
19.3024
19.3024
19.3024
19.2926
19.2828
19.2926
19.2828
19.2828
19.2632
19.2632
19.2632
19.2436
19.2436
19.2436
19.2436
19.224
19.224
19.224
19.224
19.224
19.2044
19.2044
19.1946
19.2044
19.1946
19.1946
19.1848
19.1652
19.1652
19.1652
19.1652
19.1652
19.1554
19.1554
19.1456
19.1162
19.126
19.1162
19.126
19.1064
19.1162
19.1064
19.1064
19.1064
19.0868
19.077
19.0672
19.0672
19.0672
19.0574
19.0574
19.0574
19.0476
19.0476
19.0378
19.0476
19.0378
19.028
19.028
19.0182
19.0182
19.0182
19.0084
19.0084
19.0182
19.0084
19.0084
19.0084
18.9986
18.9986
19.0084
18.9986
18.9986
18.979
18.9692
18.9594
18.9594
18.9496
18.9496
18.9398
18.9398
18.9398
18.9496
18.9398
18.9398
18.9398
18.9398
18.93
18.93
18.93
18.93
18.93
18.9202
18.9104
18.9104
18.9104
18.9006
18.8908
18.8908
18.881
18.8516
18.8516
18.8516
18.8516
18.8516
18.8516
18.8516
18.8516
18.832
18.8222
18.832
18.832
18.7928
18.7928
18.7928
18.783
18.783
18.7732
18.7536
18.7536
18.7438
18.7242
18.7046
18.6948
18.7046
18.7046
18.7046
18.6948
18.685
18.6752
18.6948
18.6752
18.685
18.6752
18.685
18.6752
18.6654
18.6556
18.6556
18.6556
18.6654
18.6654
18.6556
18.6458
18.636
18.636
18.636
18.6164
18.6164
18.5968
18.6066
18.5968
18.5772
18.5772
18.587
18.5968
18.587
18.587
18.587
18.5968
18.587
18.587
18.5772
18.5772
18.5772
18.5674
18.5674
18.5576
18.5772
18.5674
18.5576
18.5478
18.5184
18.5184
18.4988
18.4792
18.4988
18.4988
18.489
18.489
18.4792
18.4694
18.4694
18.4792
18.4694
18.4792
18.4694
18.4792
18.4792
18.4792
18.4596
18.4596
18.4498
18.4498
18.44
18.4498
18.4596
18.4498
18.4694
18.4596
18.4694
18.4596
18.4498
18.44
18.4106
18.4106
18.4008
18.4008
18.391
18.391
18.3812
18.4008
18.4008
18.4008
18.391
18.3812
18.3812
18.3812
18.3714
18.3616
18.3616
18.3616
18.3616
18.3714
18.3616
18.3616
18.3518
18.3616
18.3518
18.3518
18.3518
18.3518
18.342
18.3518
18.342
18.3322
18.342
18.342
18.342
18.342
18.3518
18.3322
18.3126
18.3028
18.3126
18.3126
18.3028
18.3028
18.3028
18.3028
18.3028
18.3028
18.3028
18.293
18.293
18.3028
18.293
18.3028
18.293
18.3028
18.3028
18.3126
18.3126
18.3126
18.3028
18.3028
18.3028
18.3028
18.3028
18.3028
18.3028
18.3028
18.3028
18.3028
18.3028
18.2832
18.293
18.2832
18.2832
18.2832
18.3028
18.293
18.3028
18.3028
18.3028
18.3126
18.3028
18.3224
18.3028
18.3126
18.3126
18.3028
18.3028
18.3028
18.293
18.293
18.293
18.293
18.293
18.3028
18.2832
18.293
18.293
18.3028
18.293
18.293
18.293
18.2832
18.3028
18.3028
18.3126
18.3028
18.3126
18.3028
18.3126
18.293
18.3028
18.3126
18.3028
18.3126
18.3224
18.3224
18.3126
18.3126
18.293
18.3028
18.3028
18.3028
18.3028
18.3126
18.293
18.3028
18.3028
18.3028
18.293
18.293
18.2832
18.2832
18.293
18.2832
18.3028
18.3224
18.3126
18.3028
18.3028
18.3126
18.3028
18.2832
18.293
18.293
18.3028
18.3028
18.3028
18.293
18.293
18.2832
18.293
18.293
18.2832
18.2832
18.2832
18.2832
18.2832
18.2832
18.2734
18.2832
18.2832
18.2832
18.3028
18.293
18.3028
18.3028
18.3028
18.2832
18.293
18.3126
18.3028
18.3126
18.3028
18.3028
18.3518
19.0574
19.9002
20.8802
21.0664
21.2526
21.3996
21.5858
21.7426
21.9876
22.066
22.1248
22.1542
22.2424
22.2718
22.4678
22.5952
22.6246
22.703
22.7324
22.7618
22.801
22.85
22.8794
23.1048
23.1342
23.1538
23.193
23.2028
23.1832
23.193
23.193
23.2812
23.3498
23.3498
23.3792
23.4184
23.4282
23.438
23.4674
23.4772
23.6144
23.6438
23.683
23.7026
23.732
23.7516
23.7712
23.7908
23.8888
23.928
23.9672
24.0064
24.0358
24.0652
24.0848
24.2612
24.3396
24.3886
24.418
24.418
24.4768
24.4866
24.5062
24.5258
24.516
24.5356
24.5062
24.4768
24.4572
24.3984
24.2416
24.1632
24.124
24.2122
24.3004
24.2514
24.3592
24.4278
24.5748
24.6336
24.7218
24.81
24.859
25.0354
25.0648
25.1236
25.202
25.2608
25.2706
25.349
25.3882
25.3784
25.447
25.4176
25.4274
25.4764
25.5254
25.5254
25.545
25.5352
25.5156
25.5548
25.5548
25.5646
25.6234
25.7018
25.8194
25.8194
25.8194
25.8292
25.8488
25.9272
25.937
25.9468
25.9272
25.9076
25.9468
25.8978
26.0056
26.0252
26.0644
26.1722
26.133
26.2016
26.2996
26.3094
26.2996
26.3486
26.3094
26.329
26.3094
26.3388
26.329
26.3682
26.3976
26.476
26.4858
26.5152
26.525
26.4564
26.4956
26.476
26.476
26.5152
26.5152
26.5446
26.6034
26.6034
26.6034
26.5348
26.5642
26.5446
26.5152
26.5152
26.525
26.5152
26.5152
26.5152
26.5152
26.5544
26.5544
26.525
26.5446
26.574
26.5936
26.6328
26.5544
26.5348
26.427
26.4662
26.5642
26.4466
26.4858
26.4564
26.4368
26.4662
26.476
26.4956
26.3878
26.3976
26.3192
26.2506
26.035
25.9664
25.8194
25.8194
25.8194
25.8096
25.8194
25.6136
25.5058
25.4568
25.3882
25.2314
25.2118
25.104
25.0648
24.957
24.9472
24.8884
24.7708
24.6924
24.6924
24.6336
24.5846
24.663
24.7218
24.712
24.7512
24.7708
24.7708
24.6924
24.8394
24.8198
24.8296
24.8198
24.859
24.8786
24.8688
24.9962
24.8492
24.7708
24.761
24.8002
24.9276
25.0158
25.0452
25.0158
25.0648
25.1138
25.055
25.0844
25.0746
25.104
25.1726
25.2706
25.202
25.2804
25.2412
25.251
25.1824
25.2804
25.349
25.1726
25.1628
25.2412
25.202
25.3196
25.251
25.4372
25.4176
25.3686
25.3196
25.1922
25.1824
25.1628
25.1236
25.1824
25.1628
25.2804
25.3098
25.3686
25.4568
25.4568
25.3588
25.3098
25.2902
25.2804
25.2216
25.2412
25.2118
25.2412
25.2804
25.3
25.3686
25.3588
25.3588
25.5548
25.5548
25.6136
25.6528
25.6332
25.6038
25.5646
25.4274
25.5744
25.5058
25.5058
25.5842
25.6724
25.692
25.741
25.6234
25.594
25.6332
25.7312
25.8194
25.839
25.8292
25.9468
25.7018
25.79
25.7704
25.8194
25.7214
25.6528
25.7312
25.7704
25.8194
25.7508
25.7704
25.6332
25.6528
25.5254
25.594
25.594
25.7312
25.7116
25.4176
25.4372
25.594
25.398
25.202
25.0452
24.8394
25.0158
24.908
24.859
24.8492
24.9962
25.0452
24.908
24.8982
24.7512
24.614
24.712
24.761
24.7708
24.8296
24.81
24.7708
24.7316
24.8296
24.7806
24.7512
24.7904
24.7414
24.6924
24.6434
24.6434
24.5748
24.5356
24.3102
24.2906
24.3004
24.2906
24.222
24.1828
24.1632
24.0946
24.1044
24.124
24.0554
24.0456
24.0652
24.0554
24.0358
23.8888
23.7516
23.6536
23.6242
23.6928
23.7516
23.8006
23.83
23.8006
23.7908
23.8398
23.879
23.8496
23.9476
24.0064
23.9868
23.9378
23.8692
23.7516
23.7026
23.6438
23.6536
23.634
23.634
23.5556
23.5164
23.438
23.5164
23.5262
23.5066
23.487
23.5164
23.5556
23.536
23.5164
23.487
23.4478
23.4576
23.3988
23.3792
23.3792
23.4086
23.4674
23.3792
23.3596
23.438
23.438
23.389
23.3596
23.389
23.389
23.3792
23.3596
23.3498
23.438
23.4576
23.4968
23.4968
23.4576
23.4282
23.3792
23.3498
23.34
23.2812
23.291
23.2028
23.046
23.1244
23.0558
23.0558
23.1048
23.0264
22.9284
22.9578
22.997
22.899
22.8794
22.8206
22.7814
22.85
23.046
23.1538
23.1538
23.2322
23.2812
23.3008
23.3302
23.3988
23.3106
23.2812
23.2518
23.2812
23.4184
23.4772
23.5164
23.5752
23.6144
23.634
23.6634
23.6536
23.6536
23.6732
23.7124
23.7124
23.6536
23.634
23.5556
23.5948
23.6144
23.634
23.683
23.6928
23.7516
23.732
23.7026
23.8202
23.83
23.83
23.8692
23.928
24.0456
24.0946
24.2024
24.222
24.2416
24.2612
24.222
24.32
24.4082
24.5454
24.5552
24.5944
24.6532
24.5944
24.5944
24.5846
24.5062
24.4572
24.4474
24.7022
24.7316
24.7512
24.81
24.7022
24.7022
24.614
24.5748
24.6728
24.712
24.663
24.5062
24.4572
24.4964
24.4376
24.418
24.3886
24.3396
24.2906
24.2024
24.2122
24.2416
24.2024
24.1338
24.1534
24.3396
24.2808
24.075
24.075
24.124
24.1044
24.0554
24.124
24.0946
24.1142
24.124
24.1632
24.2416
24.2612
24.2024
24.1632
24.1338
24.0652
24.075
24.1044
24.1436
24.0554
24.1828
24.1632
24.1338
24.222
24.271
24.2318
24.2122
24.271
24.3396
24.3494
24.3396
24.2906
24.3004
24.3004
24.173
24.1926
24.222
24.3298
24.3592
24.3494
24.2612
24.4278
24.4376
24.6238
24.6238
24.6532
24.6728
24.5846
24.5454
24.5454
24.565
24.5748
24.5944
24.6336
24.5552
24.5356
24.4768
24.5356
24.5454
24.565
24.5748
24.5944
24.6532
24.6532
24.6238
24.6336
24.6924
24.7022
24.7512
24.7316
24.6826
24.6042
24.6336
24.6532
24.5748
24.5356
24.5552
24.5944
24.6924
24.2612
24.3984
24.3984
24.4082
24.3886
24.4082
24.3396
24.3102
24.2612
24.222
24.2514
24.2514
24.1926
24.173
24.1534
24.1338
24.1142
24.1044
24.0946
24.0554
24.0456
24.1044
24.075
24.026
24.0162
24.0064
24.026
24.0652
24.1632
24.124
24.1632
24.1632
24.1828
24.1338
24.1338
23.83
23.8496
23.928
23.977
23.9672
23.9084
23.8202
24.0162
24.0848
24.0652
24.1142
24.1338
24.0554
24.0064
24.0652
24.0652
24.1926
24.3004
24.3102
24.2906
24.2906
24.3886
24.3396
24.2808
24.418
24.4376
24.4572
24.5356
24.4376
24.3984
24.3886
24.3494
24.3396
24.3984
24.4278
24.5356
24.5552
24.418
24.3494
24.3396
24.3592
24.3396
24.3298
24.3102
24.32
24.3298
24.32
24.3298
24.3396
24.3788
24.3788
24.3788
24.3494
24.32
24.32
24.2808
24.2416
24.1828
24.1632
24.0848
24.075
24.075
24.0456
23.9182
23.9084
23.8496
23.8202
23.634
23.585
23.6928
23.7026
23.7026
23.6928
23.683
23.7026
23.6536
23.585
23.6046
23.6046
23.6732
23.7222
23.7222
23.781
23.7712
23.6634
23.6928
23.7516
23.7516
23.7516
23.7908
23.781
23.7908
23.7516
23.83
23.8104
23.8006
23.781
23.7516
23.7908
23.7908
23.5458
23.5752
23.6928
23.732
23.9182
23.9084
23.8888
23.8888
23.8398
23.8398
23.8398
23.8104
23.9182
23.928
23.8986
23.8398
23.8202
23.8594
24.0064
23.9476
23.9476
23.9672
24.026
24.0456
24.075
24.1436
24.1436
24.173
24.1632
24.2024
24.1632
24.1338
24.1338
24.0456
24.1142
24.1534
24.1534
24.124
24.1338
24.1534
24.173
24.173
24.222
24.1926
24.2122
24.2808
24.3886
24.3396
24.32
24.2808
24.2514
24.2906
24.3004
24.2024
24.2416
24.222
24.1926
24.2122
24.222
24.222
24.271
24.2416
24.0848
24.0456
24.0554
24.1632
24.1044
24.1142
24.124
24.1534
24.1436
24.1632
24.1534
24.1632
24.2024
24.222
24.2122
24.1534
24.1338
24.1632
24.1828
24.1828
24.124
24.1338
24.0064
23.9084
23.83
23.7614
23.585
23.34
23.3204
23.291
23.3204
23.3204
23.3106
23.3008
23.2812
23.2714
23.2322
23.2224
23.2028
23.193
23.1636
23.1146
23.1146
23.1146
23.1048
23.1048
23.1048
23.095
23.0852
23.0754
23.0852
22.997
22.9186
22.9088
22.899
22.8794
22.8892
22.899
22.8598
22.8402
22.85
22.8696
22.85
22.8696
22.8598
22.8304
22.7422
22.7618
22.7618
22.7324
22.703
22.6638
22.654
22.654
22.6148
22.605
22.5854
22.5658
22.5266
22.5364
22.556
22.556
22.5168
22.5168
22.4874
22.4776
22.4482
22.4384
22.4188
22.4188
22.4384
22.458
22.4776
22.4972
22.507
22.4972
22.4776
22.4972
22.4874
22.4874
22.4678
22.4384
22.4482
22.4384
22.4384
22.4482
22.4384
22.4188
22.4286
22.4188
22.3992
22.3992
22.4188
22.3306
22.2914
22.2718
22.262
22.2718
22.2718
22.2718
22.3012
22.2914
22.2816
22.3012
22.2424
22.2424
22.2424
22.2424
22.2326
22.2228
22.2032
22.1836
22.164
22.1444
22.1444
22.1346
22.115
22.1248
22.1248
22.115
22.1248
22.1052
22.1052
22.1052
22.1052
22.1052
22.115
22.0856
22.066
22.0464
22.0464
22.0464
22.0562
22.0464
22.0562
22.0562
22.0562
22.0464
22.0464
22.0268
22.017
22.017
21.9876
21.968
21.9876
21.9876
21.9876
21.968
21.968
21.9484
21.9484
21.919
21.8896
21.8798
21.87
21.8406
21.8994
21.8798
21.8896
21.8896
21.87
21.8504
21.8308
21.8308
21.8112
21.8112
21.8112
21.8112
21.8112
21.8112
21.7916
21.8014
21.772
21.7818
21.772
21.772
21.7916
21.7818
21.772
21.7524
21.7524
21.7524
21.7328
21.7328
21.7328
21.7132
21.7132
21.7132
21.7034
21.6936
21.6936
21.7034
21.6936
21.674
21.674
21.6446
21.6348
21.625
21.625
21.6152
21.6544
21.6446
21.6446
21.625
21.6348
21.6348
21.625
21.6152
21.625
21.6348
21.6054
21.6054
21.6152
21.6054
21.5956
21.5956
21.5956
21.5956
21.5858
21.5466
21.5368
21.5466
21.5466
21.5466
21.5368
21.5368
21.5368
21.5466
21.5466
21.527
21.5368
21.5368
21.5368
21.5368
21.527
21.527
21.5172
21.5172
21.4976
21.4976
21.5074
21.4976
21.5074
21.5074
21.4976
21.4878
21.4878
21.478
21.478
21.4682
21.478
21.478
21.478
21.4486
21.4584
21.4388
21.4388
21.4486
21.4584
21.4388
21.4388
21.429
21.4388
21.429
21.4192
21.4192
21.4388
21.4192
21.4094
21.4094
21.3996
21.3996
21.3996
21.3898
21.3898
21.3898
21.38
21.3702
21.38
21.38
21.38
21.3604
21.3506
21.3702
21.3604
21.3604
21.3506
21.3506
21.331
21.331
21.3212
21.3016
21.3016
21.3016
21.3114
21.3114
21.3114
21.282
21.282
21.3016
21.3114
21.3114
21.3016
21.3016
21.2918
21.282
21.282
21.282
21.2722
21.2722
21.2722
21.282
21.2722
21.2624
21.2722
21.2624
21.2624
21.2526
21.2624
21.2722
21.2624
21.2428
21.2232
21.2134
21.2036
21.184
21.184
21.1938
21.1938
21.2036
21.1938
21.184
21.184
21.1742
21.1938
21.184
21.1742
21.184
21.1742
21.184
21.1742
21.1644
21.1742
21.1546
21.1448
21.1448
21.1448
21.1448
21.1448
21.1546
21.1448
21.1252
21.1154
21.0958
21.086
21.086
21.0468
21.0468
21.0566
21.0566
21.0076
21.0076
21.0076
20.9782
20.9978
20.9978
21.0076
20.9978
20.9978
20.988
20.9782
20.9782
20.9782
21.0076
20.988
20.988
20.9782
20.9586
20.8998
20.9096
20.9096
20.9684
21.0468
21.037
21.0076
20.9488
20.9292
20.9292
20.8802
20.89
20.9096
20.8998
20.89
20.8802
20.8802
20.8704
20.8704
20.8606
20.8704
20.8606
20.8508
20.8508
20.8508
20.8508
20.8508
20.8508
20.8508
20.841
20.841
20.8312
20.841
20.8508
20.841
20.8312
20.8214
20.8116
20.8116
20.8018
20.8116
20.792
20.7724
20.7724
20.7626
20.7528
20.743
20.743
20.743
20.7332
20.7332
20.743
20.7332
20.7332
20.7332
20.7234
20.7234
20.7332
20.7234
20.7038
20.6842
20.6744
20.6744
20.6744
20.6646
20.6548
20.6548
20.645
20.6254
20.596
20.5666
20.5666
20.5666
20.5666
20.5764
20.5764
20.5666
20.5666
20.5568
20.5372
20.547
20.5274
20.5176
20.5176
20.5176
20.5176
20.498
20.498
20.4882
20.4882
20.4784
20.4392
20.449
20.4588
20.4588
20.4686
20.4686
20.4196
20.4098
20.4098
20.4098
20.3804
20.3608
20.3608
20.3608
20.351
20.3608
20.3608
20.351
20.351
20.3216
20.302
20.2628
20.253
20.253
20.2334
20.2236
20.2334
20.2432
20.2236
20.2138
20.2138
20.2236
20.2138
20.1942
20.1844
20.204
20.1942
20.1942
20.1648
20.1354
20.1354
20.1256
20.1354
20.1256
20.1256
20.106
20.106
20.106
20.0962
20.1256
20.1158
20.1158
20.106
20.0766
20.0472
20.008
19.9884
19.9786
19.9688
19.9688
19.9688
19.9688
19.9492
19.9394
19.9198
19.91
19.8904
19.8904
19.8904
19.8708
19.8708
19.8708
19.8708
19.861
19.8708
19.8414
19.8512
19.8316
19.8316
19.8218
19.812
19.812
19.812
19.7924
19.7924
19.7826
19.7924
19.7826
19.7728
19.7728
19.7728
19.7532
19.7434
19.7336
19.6944
19.6846
19.6944
19.6846
19.665
19.6356
19.6258
19.616
19.616
19.5964
19.616
19.616
19.616
19.6062
19.5866
19.5866
19.567
19.5572
19.5474
19.5278
19.4886
19.4788
19.4788
19.4788
19.4788
19.4886
19.4984
19.4984
19.4788
19.4788
19.4788
19.4788
19.4788
19.4788
19.4788
19.4592
19.4592
19.4396
19.4396
