22.3208
22.3306
22.3306
22.3306
22.3208
22.3306
22.3012
22.2816
22.2718
22.2816
122.153
22.2816
122.153
22.2816
22.2816
122.153
22.2718
122.153
22.2522
22.262
22.262
22.262
122.153
122.153
22.2718
22.262
122.153
22.2424
122.153
122.153
22.2424
22.2326
22.2228
22.2228
22.2228
22.213
22.213
22.2228
22.213
122.153
22.1836
122.153
122.153
22.1836
22.1934
22.2032
22.2032
22.1934
22.1934
22.1836
122.153
22.1738
22.1542
22.164
22.1542
22.1542
22.1444
22.1346
22.115
22.1052
22.1052
22.0856
22.0954
22.0856
22.0856
22.0856
22.0954
22.0856
122.153
22.0758
22.066
22.0758
22.066
22.066
22.066
22.0758
122.153
122.153
122.153
22.066
22.0562
22.0562
22.0562
22.0366
22.0366
22.0464
22.0464
22.0366
22.0366
22.0268
22.0268
22.017
22.0072
21.9876
21.9974
21.9876
21.968
21.968
21.9778
122.153
21.9778
21.968
21.9582
122.153
21.9582
122.153
21.9484
21.9386
122.153
21.9288
21.9288
122.153
122.153
21.9092
21.8994
21.9092
122.153
21.8994
21.8896
21.8798
21.8798
21.87
21.8798
122.153
21.87
21.8602
21.87
21.8602
21.8504
21.8504
21.8308
21.8504
21.8308
21.821
122.153
21.8112
122.153
122.153
21.8112
21.8112
21.8112
21.8112
21.8112
21.8112
21.8112
21.8112
21.8112
21.8112
21.8112
21.8112
21.8014
122.153
21.7916
21.7916
122.153
122.153
122.153
21.772
21.772
21.772
122.153
21.7524
122.153
122.153
122.153
21.7622
21.7524
21.7524
21.7524
21.7524
21.7524
21.7622
21.7622
122.153
21.7622
21.7622
21.7426
21.7524
21.7426
21.7426
21.7328
21.7328
122.153
21.7132
21.7132
122.153
122.153
21.7034
21.6936
21.6936
21.6936
122.153
21.7034
21.6936
122.153
21.6936
21.6838
21.6838
21.6838
21.6936
122.153
122.153
21.6838
21.7034
21.7034
21.7132
21.6936
122.153
21.6936
21.674
21.674
21.674
21.674
21.674
21.6642
122.153
21.674
122.153
21.6642
21.6544
21.6544
122.153
21.6544
122.153
21.6348
21.6446
21.6544
21.6544
21.6544
21.6544
21.6544
21.6348
21.6348
21.6348
21.6348
21.625
21.6348
21.625
21.6152
21.6152
21.6152
122.153
122.153
21.6054
122.153
21.5956
21.6152
122.153
21.6152
21.6054
21.5858
21.5956
21.5956
122.153
21.5858
21.576
21.576
21.576
21.5564
21.5564
122.153
21.5564
21.5564
21.5368
21.5368
21.5368
122.153
21.5368
21.5368
21.5466
21.5466
21.5368
21.5466
122.153
21.5368
21.5368
21.5466
21.5368
21.5368
21.5368
21.527
21.5172
21.5074
21.4976
21.4976
21.5074
21.4976
21.5074
21.4976
21.5074
122.153
21.4976
21.4976
21.4878
21.4878
21.478
21.478
21.478
21.478
21.478
21.478
21.4878
21.478
122.153
21.4976
21.4976
21.5074
21.4976
21.4878
21.478
21.4878
122.153
21.4976
122.153
21.4878
21.478
21.478
122.153
122.153
21.4584
21.4486
21.4584
21.4584
21.4584
21.4486
21.4584
21.4584
21.4584
21.4584
21.4584
122.153
122.153
21.4388
21.4388
21.4192
122.153
122.153
21.4192
21.4192
21.4192
122.153
21.4094
21.3996
21.3996
21.3996
21.4094
122.153
21.4094
122.153
21.4094
21.3996
21.4094
21.4094
21.3996
21.3898
21.3996
122.153
21.38
21.3898
21.38
21.3898
21.3996
122.153
21.4094
21.4192
21.4094
122.153
21.4192
21.4094
21.4094
122.153
21.3898
21.3996
21.3996
21.3996
21.3996
21.3996
21.3996
21.3996
21.3898
21.38
21.3898
21.3898
21.3996
21.4094
21.3996
122.153
21.3996
21.3898
21.38
21.38
21.3898
21.3898
21.3898
21.3898
21.3996
21.3996
21.3996
21.3996
21.4192
21.4094
21.4192
21.4192
122.153
21.429
21.4192
122.153
21.3898
21.38
21.3506
21.3212
21.3212
21.3114
122.153
21.2918
21.282
21.2722
21.2918
21.2918
21.2918
21.2918
21.3016
21.3016
21.3016
122.153
21.3408
21.3506
122.153
21.3604
21.3408
21.3212
21.3408
122.153
21.3408
21.3408
21.3506
21.3702
122.153
21.38
21.3408
21.3408
21.3212
21.3016
21.2918
21.282
21.2722
21.2428
122.153
21.2036
21.184
21.1448
21.1154
122.153
21.086
122.153
21.0174
20.9684
20.9488
122.153
20.8508
122.153
122.153
20.7626
122.153
20.7234
20.7038
20.6842
122.153
20.6548
20.6646
20.6352
122.153
20.6058
122.153
122.153
20.596
122.153
122.153
20.6058
122.153
20.5372
20.5176
122.153
20.4588
20.4882
122.153
122.153
20.4588
20.4686
20.4392
20.449
122.153
20.4196
122.153
122.153
20.4
20.351
122.153
20.3804
20.4784
20.4882
20.4882
122.153
122.153
122.153
20.4
122.153
122.153
20.4
122.153
20.4
20.3804
20.3706
20.3412
20.3412
20.351
20.3608
20.3412
20.4
20.4588
20.449
20.4588
20.4588
122.153
20.4392
20.4294
20.4392
20.4
20.4
122.153
20.4
20.3902
20.3608
20.3804
20.4098
122.153
20.449
20.4588
20.5372
122.153
122.153
20.5176
20.5176
20.5372
20.5176
20.498
122.153
122.153
20.4784
20.4882
122.153
20.498
122.153
20.498
20.498
20.5078
20.5078
122.153
20.5176
20.5274
20.5274
20.5372
20.5568
20.5568
20.5666
20.5666
122.153
20.6352
20.6744
20.6744
20.6646
20.6548
20.6548
20.6352
20.6548
20.645
20.6254
20.6352
122.153
20.694
122.153
20.6744
122.153
20.694
20.6744
20.6842
20.7332
20.7234
20.7234
20.7528
20.8018
20.792
20.8312
20.8312
20.8018
20.792
20.7822
20.792
122.153
20.792
20.8116
20.8312
122.153
20.8704
20.89
20.89
20.9096
20.9096
20.9292
20.9488
122.153
20.988
122.153
21.0076
122.153
20.9978
20.9586
20.9586
20.939
20.939
122.153
20.988
20.988
20.9978
122.153
21.0076
21.0076
21.0272
122.153
21.0762
21.0664
21.0468
21.086
21.086
21.0958
122.153
21.1448
21.1252
21.1252
21.1154
122.153
21.1154
21.1056
21.1154
122.153
21.1252
21.1448
21.1546
21.1546
122.153
21.1644
21.1546
21.184
21.2036
122.153
21.2134
21.233
21.2624
21.2526
21.282
21.2624
21.2624
122.153
21.282
21.3016
21.2918
21.3016
21.331
21.3506
21.4094
122.153
21.38
21.38
21.38
21.38
122.153
122.153
122.153
21.3408
21.3702
21.3898
21.3702
21.4192
21.4878
21.5074
21.5172
21.5368
21.5172
21.5466
21.5564
21.5368
21.5368
21.5956
122.153
21.5956
21.6054
21.625
21.6348
21.6348
21.6544
122.153
21.6544
21.6544
21.674
21.6642
21.6838
21.7132
21.7132
21.723
21.723
21.7328
21.7328
21.723
122.153
21.7132
122.153
21.7328
21.7524
21.723
21.7132
122.153
21.7328
21.7328
122.153
21.772
21.7916
21.8112
21.8112
21.7622
21.7524
21.7524
21.8112
21.7916
21.8112
21.8112
21.8112
21.8014
21.8014
21.8112
21.8112
122.153
21.8112
21.8602
21.8602
122.153
21.87
21.8602
21.8602
21.8896
21.9386
21.9876
21.9876
21.9876
22.0072
21.9974
21.9974
122.153
22.0268
122.153
122.153
21.9484
122.153
21.968
22.0268
22.0464
22.0562
22.0464
22.066
22.115
22.1248
22.0856
122.153
22.115
22.1248
22.1738
22.1738
22.1836
22.1836
122.153
22.2032
22.213
22.2424
22.2522
22.2522
22.2816
22.262
22.2718
22.2228
22.2032
22.2228
22.164
22.1836
22.213
22.2228
22.262
22.2522
22.2032
122.153
22.2816
22.2914
22.311
22.3404
22.3502
22.3796
122.153
22.4384
22.458
22.4482
22.4188
22.4384
22.458
122.153
22.4678
22.4972
22.458
22.4776
22.5168
22.5658
22.5658
22.5658
22.5756
22.5756
22.556
22.556
22.4678
122.153
22.4384
22.4384
122.153
22.3796
22.3404
22.2816
22.2032
22.1444
22.1444
22.164
122.153
22.1248
22.0856
22.066
22.0856
122.153
22.066
22.066
22.0562
22.0562
21.968
21.8896
21.8504
122.153
122.153
21.772
21.7328
21.7622
21.7524
21.8014
21.8112
21.8112
21.7916
21.7524
21.7034
122.153
21.7132
21.7328
21.7132
21.7426
21.7426
21.7524
21.7524
122.153
21.8112
21.8112
21.7524
122.153
21.7916
122.153
21.772
21.7132
122.153
21.6348
21.6446
21.625
122.153
21.576
21.5368
21.5368
122.153
122.153
21.576
21.5956
21.5858
21.6152
21.625
21.6348
21.6544
21.6838
21.674
21.6544
21.6446
21.6348
122.153
21.6446
21.6152
21.625
21.6642
21.6642
122.153
21.6348
122.153
21.6544
21.6348
21.674
21.7132
21.6936
21.6544
21.6642
122.153
21.674
21.7132
21.7132
21.7034
21.7426
21.723
21.6838
122.153
21.723
21.7132
21.7524
122.153
21.7524
122.153
21.7328
122.153
21.723
21.6936
21.6838
21.7034
122.153
21.7328
21.7328
21.7132
21.7034
21.7034
21.6838
21.674
21.674
122.153
21.6838
21.7034
21.6936
21.7034
21.7034
21.7132
21.7132
21.674
21.7034
21.7328
122.153
21.7622
21.7132
122.153
21.7132
21.6838
21.6544
21.6152
21.6446
21.6544
21.6446
21.6348
21.6152
122.153
21.6054
21.6936
21.7328
21.7328
21.7916
21.8014
21.8112
21.8112
21.8112
21.9092
21.9288
21.9778
21.9974
21.9484
21.87
21.8406
122.153
21.8798
21.8308
21.8504
21.8112
21.7916
21.772
21.7524
122.153
21.772
21.772
21.7426
21.7818
21.8112
21.7916
122.153
21.8014
21.8112
21.8112
21.8014
21.8112
21.8308
122.153
21.8308
21.8112
21.87
21.8504
21.8504
122.153
21.9092
21.9092
21.9092
21.8994
21.9484
21.9288
21.9386
21.8896
21.9778
122.153
21.968
21.9386
21.8896
21.9778
21.9778
21.8994
21.9092
21.8994
21.8896
21.8896
21.9092
21.9288
21.87
122.153
21.8896
21.9288
21.9484
122.153
21.9288
21.9092
21.919
21.919
21.9288
21.9484
22.0072
22.017
21.9876
22.0072
21.9876
21.968
122.153
22.0366
22.0562
22.0268
122.153
21.9386
21.8994
21.8994
21.8798
21.8504
21.9092
21.8896
21.8798
21.8504
21.8112
21.7916
21.7916
21.8014
21.7916
21.8112
21.8112
21.8406
21.8504
21.8896
21.87
21.8798
21.8896
122.153
21.8308
21.8014
21.7916
122.153
21.8112
21.8112
21.8504
21.87
21.919
21.8602
21.8112
21.8112
21.8112
122.153
21.8406
21.8112
21.821
21.8504
21.9778
21.968
21.8994
21.8602
21.8602
21.9092
21.919
21.8994
21.8112
21.821
21.821
21.8014
21.8112
21.8014
21.8014
21.7916
21.7818
21.7916
21.7916
21.7524
21.772
21.772
122.153
21.8112
21.8112
21.8112
21.8112
122.153
21.8406
21.87
21.8896
21.8896
21.8798
21.8798
21.919
21.9288
21.9092
122.153
21.9484
21.919
21.8994
21.9974
122.153
22.0072
21.9876
21.9582
21.9288
21.9484
122.153
122.153
22.0072
122.153
21.9582
21.9092
21.8896
122.153
21.8112
122.153
21.8112
21.7622
21.8504
122.153
21.8014
21.8994
21.919
21.9484
21.9778
21.968
21.919
21.8798
21.9582
22.0072
22.0366
21.968
122.153
122.153
21.8896
21.919
21.8798
21.9092
21.9484
122.153
21.8896
21.9288
21.968
21.9778
122.153
21.9582
21.9484
21.9876
122.153
122.153
21.968
122.153
22.0072
21.9974
22.0072
21.9288
21.9288
122.153
21.9092
21.9092
122.153
21.9876
22.0464
22.0464
122.153
21.9582
21.919
21.9484
21.9582
122.153
21.8308
122.153
122.153
21.8308
21.87
21.8504
21.8406
21.8308
21.8112
21.8504
21.8896
21.9484
21.919
21.8112
122.153
21.8896
21.8994
21.7524
21.7328
21.7916
21.8112
122.153
122.153
21.821
21.8112
122.153
21.8308
21.87
21.8406
21.8308
21.8406
21.8504
21.8112
21.8112
21.7524
21.7132
21.7132
21.723
21.7132
21.7132
122.153
21.7622
21.7426
21.723
21.7132
21.7132
21.7328
21.7328
21.7328
21.7426
21.7132
21.7132
21.6838
21.6838
122.153
21.576
122.153
21.6152
21.6348
21.6544
122.153
122.153
122.153
122.153
21.6446
21.6544
21.6642
122.153
21.6348
122.153
21.6054
122.153
21.6054
21.5662
21.6054
21.6152
21.6054
21.576
21.576
21.5368
21.576
21.5858
122.153
21.5564
21.5466
21.5368
21.5368
21.527
122.153
122.153
21.5172
21.5368
21.5662
21.576
21.5858
21.5368
21.5368
21.5662
21.576
21.5662
21.5564
122.153
21.5564
21.5564
21.5662
122.153
21.576
21.576
21.576
21.5564
21.5564
21.5662
122.153
21.576
21.576
21.5564
21.5564
21.576
122.153
21.5956
21.6152
21.625
21.5956
21.5956
21.576
21.5564
21.5564
21.5074
21.5074
122.153
21.5172
122.153
122.153
21.478
21.478
122.153
21.4094
122.153
122.153
21.4388
122.153
21.4584
21.4486
122.153
21.4682
122.153
21.429
21.4192
122.153
21.3898
122.153
122.153
21.4192
21.4388
122.153
21.4976
21.478
21.4976
122.153
122.153
21.5368
21.5368
21.5466
21.576
122.153
21.6348
21.6544
21.6936
122.153
21.7328
21.7622
21.772
21.7426
21.772
21.7818
21.772
21.8014
21.7916
21.8014
21.8112
122.153
21.8112
122.153
21.8112
122.153
21.8112
122.153
21.8112
21.8014
21.8014
21.7622
21.7524
21.7426
21.772
21.7818
122.153
21.7916
21.7916
21.772
21.7622
21.7524
122.153
21.772
21.7916
21.7916
21.772
21.7524
21.772
21.7524
122.153
122.153
21.7132
21.674
21.674
21.6348
21.6642
21.6544
122.153
21.6838
21.674
21.6838
122.153
122.153
21.7426
122.153
21.7328
21.674
122.153
122.153
21.6544
122.153
21.6054
21.6936
122.153
21.6838
122.153
21.6936
21.6936
21.6642
21.6446
122.153
21.625
21.5956
122.153
122.153
122.153
122.153
21.7034
122.153
122.153
122.153
122.153
21.576
122.153
21.5466
21.5368
21.5564
122.153
122.153
21.4682
21.5662
122.153
21.5466
122.153
122.153
21.4192
21.4388
21.4486
21.4584
122.153
21.4682
21.4878
21.4878
21.5172
21.4976
122.153
21.4094
122.153
21.4192
21.38
122.153
21.3702
21.38
21.3996
122.153
21.4584
122.153
122.153
21.4584
21.4976
122.153
21.3996
21.3996
21.3898
21.3604
21.3506
21.3212
21.3506
21.282
21.2918
21.3016
21.2624
21.2428
21.2428
21.2624
21.3016
21.282
122.153
21.3114
122.153
21.4388
21.4976
122.153
122.153
21.6936
122.153
21.7916
21.8112
21.8112
21.8308
21.8798
122.153
21.9974
22.017
22.0758
122.153
22.1346
22.1542
22.2228
22.2816
22.2914
22.2816
122.153
122.153
22.4286
122.153
122.153
22.4874
122.153
22.4972
122.153
122.153
22.4972
122.153
22.5168
122.153
122.153
22.5168
122.153
22.4972
122.153
22.4874
22.507
122.153
22.5364
22.556
22.556
122.153
22.5854
122.153
22.5854
22.605
122.153
22.6246
122.153
22.6442
22.654
22.6638
122.153
22.6932
22.6834
22.7128
22.7324
122.153
22.7422
122.153
122.153
122.153
122.153
22.7716
122.153
22.7814
122.153
22.7814
22.801
22.7814
22.801
22.8108
122.153
22.85
122.153
22.8402
122.153
22.8402
22.8304
22.8108
22.8108
122.153
22.7912
122.153
22.8206
22.8402
122.153
22.8696
122.153
22.8696
122.153
22.8794
22.899
22.899
122.153
22.9284
22.9088
22.9088
22.899
122.153
22.9088
122.153
22.899
122.153
22.8892
22.8892
122.153
22.899
22.9088
22.9088
22.9088
22.899
22.899
122.153
22.8598
22.8598
22.8402
22.8108
22.8108
122.153
22.7912
22.8108
22.8304
22.8206
22.8304
22.8304
22.8108
22.8108
122.153
22.7912
122.153
22.8108
22.8304
22.8696
122.153
22.9088
22.899
22.8892
22.8696
22.8402
22.85
122.153
22.8108
22.8108
122.153
22.8108
22.7912
22.7912
22.7912
22.7814
22.7814
22.7716
22.7716
22.7716
22.7814
22.7912
22.8206
22.8304
22.8402
22.8304
22.8304
22.8206
22.8206
22.8206
22.8304
22.8206
22.8304
22.8108
22.8304
22.8304
22.8304
22.8304
22.7912
22.7912
122.153
22.7716
22.752
22.7618
22.7324
22.7324
22.7324
122.153
22.752
22.7422
22.7716
22.752
22.752
22.752
122.153
22.752
22.7618
122.153
22.752
22.7814
122.153
22.801
22.801
22.7912
22.7814
22.7716
22.7324
122.153
22.7128
22.703
22.703
22.6834
122.153
122.153
22.6638
122.153
22.654
22.654
22.654
22.6344
22.6148
22.6148
22.6246
22.6148
122.153
22.6148
22.6148
22.6148
22.6148
22.605
22.605
22.605
22.5952
22.5952
22.605
22.605
122.153
22.5952
122.153
22.5952
122.153
122.153
22.5854
22.5854
22.5756
22.5952
122.153
22.5854
22.5756
22.5952
22.5952
22.5854
22.5854
22.5756
22.5854
22.5658
122.153
22.5854
22.5756
122.153
22.5658
122.153
22.556
122.153
122.153
22.5364
122.153
122.153
22.5462
22.5364
22.5364
22.5266
22.5364
22.5364
22.5266
122.153
22.5168
22.5168
22.5266
122.153
22.507
122.153
122.153
122.153
122.153
22.4972
22.507
22.4874
22.4776
22.4776
22.458
22.458
22.4678
22.4678
22.4678
22.4776
22.4678
122.153
22.4776
22.4776
22.458
122.153
22.4482
22.458
22.4482
22.4482
22.458
22.4482
22.4384
22.4482
22.4286
22.4188
22.4286
22.4188
22.409
22.4188
22.4188
22.409
22.3992
22.3796
22.3894
22.3894
22.3796
22.3894
22.3894
122.153
122.153
122.153
122.153
22.3698
22.3698
22.3796
22.3894
122.153
22.36
22.3502
22.36
22.3404
22.3502
22.3404
122.153
22.3404
122.153
122.153
22.3404
22.3306
22.3208
22.3208
122.153
22.3208
22.3208
22.3208
22.311
122.153
122.153
122.153
22.311
22.311
22.311
122.153
22.3208
22.2914
122.153
22.2816
122.153
22.2816
22.2718
22.262
22.262
22.262
122.153
22.2718
122.153
22.2424
22.2424
22.2522
22.2522
22.2424
22.2424
22.2424
22.2522
22.2424
22.2522
22.2424
122.153
22.2424
22.2424
122.153
122.153
122.153
22.213
122.153
22.2326
22.2326
22.2326
22.2228
22.2326
122.153
22.2032
22.2032
122.153
22.1934
22.1934
22.1934
22.1934
22.164
22.1738
22.1836
22.1836
122.153
22.1738
22.1738
22.164
22.164
22.164
22.1738
22.1542
22.1444
22.1444
22.1444
22.1444
122.153
22.1444
22.1444
22.1542
22.1444
22.1444
22.1542
22.1248
122.153
22.1248
22.115
22.1052
122.153
22.1248
22.1248
22.115
22.1248
122.153
22.1052
22.1052
22.0856
22.0856
122.153
22.0856
22.0856
22.0954
22.0856
22.0856
22.0856
22.0954
22.0954
22.0856
122.153
122.153
122.153
122.153
22.066
22.0562
122.153
22.066
122.153
122.153
22.066
22.066
22.066
122.153
22.0464
122.153
122.153
22.0366
22.0366
22.0366
22.0366
22.0268
22.0268
122.153
22.017
22.0268
122.153
22.017
122.153
22.017
122.153
22.0072
21.9974
22.0072
122.153
122.153
21.9974
21.9876
21.9778
122.153
122.153
21.9876
21.9876
122.153
21.9778
21.9876
21.9484
21.9288
21.919
21.9092
21.9092
21.9092
122.153
21.9288
122.153
21.9288
21.9092
21.9092
21.9092
21.9092
21.8994
21.9092
21.9288
21.919
21.9288
21.9092
21.9092
21.9092
21.9092
21.9092
21.919
21.9092
21.9288
21.9288
21.919
21.9092
21.9092
21.9092
21.8896
21.9092
21.8798
21.8896
21.8798
21.8798
21.8798
21.8896
21.87
21.8504
21.8504
21.8602
21.8308
21.821
21.8112
21.8308
21.8308
21.8308
21.8308
21.8308
21.8504
21.8504
21.8308
21.821
21.821
21.8112
21.821
21.8112
21.821
21.821
21.821
21.8308
21.821
21.821
21.8308
21.8112
21.8112
21.8112
21.8112
21.8112
21.8112
21.8112
21.8112
21.8112
21.8112
21.8112
21.8112
21.8112
21.8112
21.8112
21.8112
21.8112
21.8112
21.8112
21.8112
21.8112
21.8014
21.8014
21.8014
21.8014
122.153
21.8014
21.8014
21.7916
21.8014
21.7818
21.7818
21.7818
21.7818
21.7818
122.153
21.7622
21.7622
21.7524
21.7622
122.153
21.7426
21.7328
21.7328
21.723
122.153
21.7328
21.723
21.7132
21.7132
122.153
21.7034
21.6936
21.6838
21.6838
21.674
21.6838
21.674
122.153
21.674
122.153
21.674
21.674
21.674
21.674
21.674
21.674
21.6642
21.674
122.153
21.6642
21.6642
21.6544
21.6446
21.6348
21.625
21.625
21.625
21.6348
122.153
21.625
21.625
21.6152
21.6054
21.6152
122.153
21.5956
21.5956
21.5956
21.6054
21.6054
21.5956
122.153
21.5858
21.5858
21.5858
122.153
21.5858
21.576
122.153
21.5662
122.153
21.5564
21.5564
122.153
21.5466
122.153
122.153
21.527
21.527
21.527
21.527
21.527
21.527
21.5172
21.5172
21.5172
21.5074
21.4976
21.4878
21.4878
21.478
21.4682
21.4682
21.4584
21.4486
21.4584
21.429
122.153
21.429
21.4388
21.4388
122.153
21.4388
21.4192
21.4192
21.4094
21.3996
122.153
21.3898
122.153
21.38
122.153
122.153
21.3604
21.38
122.153
122.153
21.331
21.3212
21.3212
21.3212
122.153
122.153
21.3016
21.3016
21.2918
21.282
21.282
122.153
21.2722
21.2624
21.2624
21.2624
21.2624
21.2624
21.2624
21.2526
122.153
122.153
21.2428
21.2428
21.2232
122.153
21.2232
21.2036
122.153
21.2036
122.153
21.1644
21.1644
21.1644
21.1546
21.1448
122.153
21.1546
122.153
21.1546
122.153
122.153
122.153
122.153
21.135
21.1448
122.153
21.1448
122.153
21.1448
122.153
21.1252
122.153
21.1154
21.1056
21.1056
122.153
21.086
122.153
21.086
21.086
21.0664
21.0664
21.0664
21.0664
122.153
122.153
21.0468
122.153
21.037
122.153
21.037
21.037
21.0272
21.0468
122.153
21.0468
21.037
122.153
21.037
122.153
122.153
21.0272
122.153
21.0272
21.0272
21.0174
122.153
20.9978
20.9978
122.153
20.9978
122.153
20.9978
21.0076
122.153
20.9978
122.153
20.988
122.153
20.9782
20.9684
20.9782
122.153
122.153
20.9684
122.153
122.153
122.153
122.153
122.153
122.153
122.153
20.9586
122.153
20.9488
20.9292
122.153
122.153
20.9194
20.9194
20.9194
122.153
20.9292
20.9194
20.9194
20.8998
20.9096
122.153
20.89
20.89
122.153
122.153
20.8704
20.8508
20.8606
20.8606
20.8606
20.8606
20.8704
122.153
20.8704
122.153
20.8606
20.8704
20.8802
122.153
20.8802
20.8802
122.153
20.8802
20.8704
20.8704
122.153
20.8704
20.8508
20.8508
122.153
20.8312
20.8214
20.8116
20.792
20.7822
20.792
20.792
20.7724
20.7724
20.792
20.792
20.7822
20.792
20.8018
20.8116
20.792
20.792
20.792
20.7822
20.792
20.792
20.7724
20.7822
20.7724
20.7528
20.7528
20.743
20.7332
122.153
20.7332
122.153
20.7332
20.7332
122.153
20.743
122.153
20.7332
20.7234
20.7136
20.7136
122.153
20.7332
122.153
20.7234
20.7332
20.7234
20.7136
20.7234
122.153
20.7136
20.694
20.7038
20.694
20.6744
122.153
20.694
20.7038
20.694
20.6842
20.694
20.694
20.6842
20.6842
20.6842
20.6842
122.153
20.6744
20.6744
20.6548
20.6548
122.153
20.6744
20.6646
122.153
20.645
20.645
20.6352
20.6352
20.6352
20.6352
20.6352
20.6254
20.6352
20.6352
20.6352
20.6254
20.645
20.6254
20.6352
20.6254
20.6254
20.6156
122.153
20.6058
20.6156
20.6058
20.6058
20.6058
20.6156
20.6156
20.596
20.596
20.596
20.596
122.153
20.596
122.153
122.153
20.5862
20.5862
20.5764
20.5764
20.5764
20.5764
20.5764
20.5764
20.5764
20.5764
20.5764
20.5666
20.5666
20.5666
20.5666
20.5568
20.5764
20.5666
20.5568
20.5568
20.5372
20.5568
20.5568
20.5568
20.5372
20.5372
20.5372
20.5372
20.5372
20.5372
20.5274
122.153
20.5372
20.5176
122.153
20.5176
20.5078
20.5176
122.153
20.5176
20.498
20.4882
20.498
20.4882
20.498
20.4882
20.4882
20.4882
20.498
20.498
20.498
122.153
20.498
20.498
20.4882
20.4882
20.4882
20.4784
20.4784
20.4686
20.4784
20.4784
20.4686
122.153
20.4588
20.4588
122.153
122.153
20.4392
20.449
20.4392
20.4686
20.449
20.4392
20.4294
20.4294
20.4196
20.4294
20.4294
20.4294
20.4196
20.4196
20.4
20.3902
20.3804
20.3804
20.3804
122.153
20.3706
122.153
20.3804
122.153
20.4
20.3804
20.3902
122.153
20.3706
122.153
20.3706
122.153
20.3608
122.153
20.3706
20.351
20.3608
122.153
20.3608
20.3608
20.3608
20.3706
20.3608
122.153
20.3608
20.3412
122.153
20.351
122.153
20.3412
122.153
20.3314
122.153
20.3412
20.3412
20.3412
122.153
122.153
20.3412
122.153
20.351
122.153
20.3412
122.153
20.3412
122.153
20.351
20.351
20.351
122.153
20.351
20.3608
122.153
20.3412
20.3412
122.153
20.3412
20.3412
20.3314
122.153
20.3412
122.153
20.3314
20.3314
20.3216
122.153
20.3216
122.153
20.3314
20.3314
20.3216
122.153
20.3314
122.153
20.3216
122.153
20.3118
122.153
122.153
20.3216
122.153
122.153
122.153
20.3216
122.153
20.3118
20.3118
122.153
20.302
122.153
20.3216
122.153
20.3216
20.3118
20.3118
20.302
20.302
20.302
20.302
20.2824
20.2922
122.153
122.153
20.2922
20.2824
20.2824
122.153
20.2824
20.2922
20.302
122.153
20.2824
20.2628
20.2824
20.2628
20.2726
20.2824
20.2824
20.2628
122.153
122.153
20.2628
20.253
20.2432
20.253
20.253
20.253
20.2334
20.2432
20.2334
20.2334
20.2236
20.2236
20.204
20.2236
20.2236
122.153
122.153
20.2138
20.2236
20.2236
20.2138
122.153
122.153
20.2236
122.153
122.153
20.2138
20.2236
122.153
122.153
122.153
20.204
122.153
122.153
122.153
20.1942
20.204
20.1942
20.204
20.204
20.204
20.204
20.1942
20.204
20.1942
20.204
122.153
20.1942
20.1942
20.1844
20.204
20.204
20.1942
122.153
20.1942
20.1942
20.1844
20.1844
20.1844
20.1942
20.204
20.1844
20.1844
20.1942
20.1844
20.1746
20.1746
122.153
20.1746
20.1844
122.153
20.1844
20.1746
20.1844
20.1746
20.1844
20.1942
20.1844
20.1942
20.204
20.1844
20.1942
20.1942
20.204
20.204
122.153
20.2138
20.2138
20.2138
20.2236
20.2138
122.153
20.1746
122.153
20.057
19.9982
20.0276
122.153
20.0276
20.0178
20.0178
20.0374
122.153
122.153
122.153
122.153
122.153
122.153
122.153
122.153
122.153
122.153
122.153
20.351
122.153
122.153
122.153
122.153
122.153
122.153
122.153
122.153
122.153
122.153
122.153
122.153
122.153
122.153
122.153
122.153
122.153
122.153
19.6748
122.153
19.6454
122.153
19.5964
122.153
122.153
122.153
19.5278
122.153
19.5082
122.153
19.4788
122.153
122.153
122.153
122.153
122.153
122.153
122.153
122.153
19.4984
19.5082
19.5474
122.153
122.153
122.153
122.153
122.153
122.153
122.153
122.153
19.665
122.153
122.153
122.153
122.153
122.153
19.763
122.153
122.153
122.153
122.153
122.153
122.153
122.153
19.7532
122.153
122.153
122.153
19.7826
122.153
19.8316
122.153
122.153
122.153
122.153
122.153
19.8512
122.153
19.812
122.153
122.153
122.153
122.153
122.153
122.153
19.6748
19.6944
122.153
19.6748
122.153
122.153
19.6846
122.153
122.153
19.714
19.714
122.153
19.7728
122.153
122.153
19.7336
122.153
122.153
122.153
122.153
122.153
122.153
122.153
122.153
122.153
122.153
19.8316
122.153
19.8218
122.153
19.8218
122.153
122.153
19.8218
122.153
19.8904
122.153
19.9296
19.9884
19.9982
122.153
122.153
20.0472
20.0864
122.153
122.153
122.153
122.153
122.153
20.1942
122.153
122.153
122.153
20.1942
122.153
122.153
20.2138
122.153
122.153
20.204
20.1942
122.153
122.153
122.153
20.3216
122.153
20.3314
122.153
122.153
122.153
122.153
122.153
20.3412
122.153
20.3608
122.153
122.153
122.153
122.153
122.153
122.153
122.153
122.153
122.153
122.153
122.153
122.153
122.153
122.153
20.4392
122.153
122.153
20.4392
122.153
20.4686
122.153
122.153
122.153
20.694
122.153
20.7332
122.153
122.153
122.153
21.3016
122.153
21.4094
122.153
21.6054
122.153
21.4192
21.3016
122.153
21.2722
122.153
122.153
122.153
122.153
122.153
122.153
122.153
122.153
21.2134
122.153
122.153
122.153
122.153
122.153
122.153
122.153
21.086
122.153
122.153
122.153
122.153
122.153
122.153
122.153
122.153
21.1546
122.153
21.1448
122.153
122.153
122.153
21.2036
122.153
21.2036
122.153
21.2036
122.153
21.2036
122.153
122.153
122.153
21.3114
122.153
21.3114
122.153
122.153
122.153
21.2918
122.153
122.153
122.153
122.153
122.153
122.153
21.4192
122.153
21.4192
122.153
122.153
122.153
122.153
122.153
122.153
122.153
122.153
21.5074
21.527
21.5858
122.153
122.153
21.6054
21.625
122.153
21.7132
21.7132
21.87
21.9092
21.9484
22.0366
22.066
22.1346
22.066
22.1738
22.262
22.3208
22.3306
22.2032
22.2326
22.2228
22.2326
22.3208
22.3404
22.3404
22.311
22.3012
22.3012
22.3306
22.2718
22.1346
22.0954
22.0856
22.0072
21.9876
21.8896
21.7622
21.7916
21.7916
21.7426
21.7916
21.6544
21.6054
21.527
21.4486
21.5172
21.5368
21.576
21.5662
21.5956
21.5368
21.5466
21.478
21.5172
21.5368
21.5956
21.723
21.6446
21.6446
21.6642
21.674
21.674
21.6544
21.6642
21.527
21.4584
21.429
21.3212
21.3898
21.3996
21.4192
21.38
21.3702
21.3114
21.2918
21.2918
21.2918
21.3016
21.2526
21.2428
21.1644
21.1154
21.1644
21.1252
21.1056
21.1154
21.0664
21.0174
20.9782
21.0272
21.0076
21.0174
20.89
20.8214
20.7724
20.7038
20.6744
20.5764
20.5274
20.5568
20.4392
20.3216
21.1742
21.2036
21.282
21.3212
21.3408
21.3702
21.4192
21.4094
21.429
21.4584
21.4584
21.478
21.5172
21.5466
21.5466
21.5564
21.5368
21.5662
21.5564
21.5564
21.5662
21.576
21.6054
21.5858
21.5858
21.5858
21.6054
21.6054
21.6054
21.6054
21.6152
21.6054
21.6152
21.625
21.6054
21.6348
21.625
21.6348
21.625
21.6446
21.6348
21.6348
21.6446
21.6544
21.6544
21.6544
21.6446
21.6348
21.625
21.625
21.6348
21.6544
21.6446
21.6348
21.6152
21.6152
21.625
21.6152
21.6152
21.6152
21.6348
21.6348
21.6348
21.625
21.6152
21.6152
21.576
21.576
21.5956
21.5858
21.576
21.576
21.5662
21.5564
21.576
21.5368
21.576
21.5662
21.5564
21.5662
21.576
21.5956
21.5662
21.576
21.5564
21.5564
21.5368
21.5368
21.527
21.5368
21.4976
21.4976
21.5074
21.5074
21.5172
21.5172
21.5172
21.5172
21.5172
21.478
21.478
21.4682
21.478
21.4584
21.4584
21.4486
21.4388
21.4584
21.4486
21.429
21.4192
21.4094
21.4094
21.3996
21.3996
21.38
21.3604
21.3604
21.38
21.38
21.38
21.38
21.3604
21.3506
21.3408
21.3506
21.3604
21.3604
21.3506
21.3506
21.3408
21.3408
21.331
21.3212
21.3408
21.3408
21.331
21.3212
21.3212
21.3114
21.3114
21.3114
21.3212
21.3212
21.3212
21.3016
21.282
21.3016
21.3016
21.2722
21.2624
21.2624
21.2526
21.2428
21.2428
21.2526
21.2526
21.2526
21.2526
21.2232
21.2232
21.2134
21.2232
21.2134
21.2232
21.2232
21.2232
21.2232
21.2134
21.2134
21.2036
21.2036
21.1938
21.184
21.184
21.1644
21.1644
21.1644
21.1448
21.1448
21.1546
21.1546
21.1546
21.1644
21.1644
21.1546
21.1546
21.1644
21.1546
21.1546
21.1546
21.1546
21.1448
21.1448
21.1252
21.1252
21.1154
21.1056
21.0958
21.0958
21.0958
21.086
21.0958
21.086
21.086
21.0958
21.0958
21.0958
21.086
21.086
21.0664
21.0664
21.0468
21.0468
21.0272
21.0272
20.9978
20.988
20.9684
20.9782
20.9782
20.988
20.988
20.9782
20.9684
20.9684
20.9782
20.9684
20.9488
20.9488
20.9488
20.9292
20.939
20.9194
20.9096
20.8704
20.8606
20.8312
20.841
20.8312
20.8508
20.8508
20.8704
20.8704
20.8704
20.8704
20.8802
20.8606
20.8312
20.8214
20.8018
20.8018
20.8018
20.792
20.7724
20.7724
20.7724
20.7822
20.7724
20.7822
20.7626
20.7724
20.7724
20.7528
20.7332
20.7332
20.7234
20.7136
20.7038
20.694
20.7136
20.7136
20.7136
20.7136
20.7136
20.7038
20.7038
20.7136
20.694
20.694
20.694
20.6548
20.645
20.6548
20.6352
20.6352
20.6254
20.6352
20.6352
20.6254
20.6254
20.6156
20.6254
20.6156
20.596
20.6058
20.596
20.596
20.5862
20.5568
20.5862
20.5764
20.5764
20.5764
20.5764
20.5666
20.5568
20.5666
20.5568
20.5666
20.5764
20.5666
20.5568
20.547
20.5372
20.5372
20.5274
20.5372
20.547
20.5372
20.5274
20.5274
20.5372
20.5078
20.498
20.498
20.5176
20.5176
20.5176
20.5176
20.4882
20.4784
20.4882
20.498
20.498
20.4882
20.4686
20.4392
20.4392
20.4392
20.4392
20.4392
20.4294
20.4392
20.4392
20.4196
20.4196
20.4196
20.4
20.4196
20.4
20.4196
20.4196
20.4098
20.4
20.4
20.4
20.4
20.3804
20.3804
20.3706
20.3706
20.3608
20.351
20.3412
20.351
20.3412
20.3412
20.3314
20.3412
20.3412
20.3216
20.3118
20.3118
20.3216
20.3314
20.3314
20.3118
20.302
20.302
20.302
20.2922
20.2824
20.2628
20.2628
20.2628
20.253
20.2432
20.2432
20.2432
20.2432
20.2334
20.253
20.2334
20.2334
20.2334
20.2236
20.2334
20.2334
20.1844
20.1844
20.1648
20.155
20.155
20.1648
20.155
20.1452
20.1354
20.1256
20.106
20.1158
20.0668
20.0668
20.0374
20.0472
20.0472
20.057
20.057
20.0472
20.0374
20.0276
20.0276
19.9884
19.9884
19.9884
19.9786
19.9688
19.9492
19.9492
19.9492
19.9198
19.9198
19.9296
19.91
19.9002
19.9002
19.8904
19.8806
19.8904
19.8708
19.8512
19.8414
19.8414
19.8414
19.8414
19.8414
19.812
19.7924
19.7728
19.7238
19.7336
19.7238
19.714
19.714
19.714
19.714
19.6944
19.6944
19.6846
19.665
19.6552
19.6454
19.6062
19.5964
19.6062
19.5964
19.5768
19.5866
19.5866
19.5768
19.5866
19.5866
19.5964
19.5768
19.5768
19.5866
19.567
19.5572
19.5376
19.5474
19.5278
19.5278
19.4984
19.4984
19.4886
19.4984
19.4788
19.4886
19.4788
19.4788
19.4788
19.4788
19.469
19.4592
19.4298
19.4004
19.4004
19.3906
19.3906
19.4004
19.3906
19.3514
19.3514
19.3514
19.3416
19.3122
19.2828
19.2828
19.2828
19.2926
19.2828
19.2828
19.2828
19.273
19.273
19.2534
19.2436
19.2534
19.2534
19.2338
19.2338
19.224
19.2044
19.2044
19.1848
19.1456
19.1652
19.1652
19.1652
19.1456
19.1456
19.1456
19.1358
19.126
19.1358
19.126
19.1456
19.1456
19.1358
19.126
19.1162
19.1064
19.0966
19.1064
19.0966
19.0868
19.0868
19.0868
19.0672
19.0574
19.0476
19.0672
19.0672
19.0574
19.0378
19.0476
19.0476
19.0476
19.0476
19.0476
19.0182
19.0084
19.0084
18.9888
19.028
19.0182
19.0182
19.0084
18.9986
19.0084
19.0182
19.0084
19.0182
18.9986
18.9888
18.9986
18.9692
18.9692
18.9692
18.9594
18.9692
18.9692
18.9594
18.9496
18.9496
18.9496
18.9594
18.9496
18.9496
18.9496
18.9594
18.9496
18.9496
18.9398
18.9398
18.93
18.93
18.93
18.93
18.93
18.93
18.9104
18.9006
18.8908
18.881
18.8908
18.8908
18.881
18.8712
18.8614
18.8614
18.8516
18.8614
18.8418
18.8418
18.8516
18.8516
18.8614
18.8614
18.8712
18.881
18.881
18.8712
18.8908
18.8908
18.8908
18.881
18.881
18.8908
18.8614
18.8614
18.8516
18.8614
18.8516
18.8516
18.832
18.8418
18.8516
18.8516
18.8418
18.8516
18.8712
18.8614
18.832
18.8516
18.8516
18.832
18.832
18.832
18.832
18.8124
18.832
18.8222
18.8222
18.8222
18.7928
18.783
18.783
18.7928
18.783
18.783
18.8124
18.8026
18.7928
18.7732
18.7928
18.7928
18.7732
18.7732
18.7732
18.7732
18.7634
18.7634
18.7732
18.7536
18.7732
18.7928
18.7732
18.7634
18.7536
18.7536
18.7634
18.7536
18.7536
18.7438
18.734
18.734
18.734
18.7536
18.7634
18.7536
18.7634
18.7438
18.7438
18.6948
18.7046
18.7536
18.7732
18.734
18.734
18.7634
18.7732
18.7732
18.7928
18.8124
18.832
18.8516
18.8516
18.8516
18.832
18.832
18.8124
18.7928
18.783
18.7732
18.783
18.7732
18.7928
18.783
18.7732
18.7928
18.7732
18.7536
18.7536
18.7536
18.7732
18.8124
18.8222
18.8418
18.832
18.8516
18.8516
18.8516
18.8712
18.9006
18.93
19.0574
19.0574
19.1064
19.1162
19.1456
19.224
19.224
19.224
19.2338
19.2338
19.2338
19.273
19.2926
19.2828
19.3024
19.3122
19.3416
19.3416
19.3514
19.3416
19.3612
19.4004
19.4396
19.4788
19.4984
19.5082
19.5866
19.5964
19.616
19.6454
19.6944
19.7336
19.7336
19.7336
19.7336
19.7434
19.7728
19.7532
19.763
19.7728
19.7728
19.7826
19.812
19.861
19.8904
19.9002
19.91
19.91
19.9198
19.9394
19.9296
19.9296
19.9492
19.959
19.959
19.9688
19.9688
19.9884
19.9982
20.0276
20.008
20.008
19.9884
19.959
19.9296
19.8512
19.7826
19.6454
19.6258
19.5768
19.4788
19.4592
19.4396
19.4592
19.4592
19.518
19.518
19.5278
19.5082
19.469
19.4396
19.469
19.4788
19.4592
19.4788
19.4788
19.4788
19.4788
19.4592
19.4004
19.4004
19.4592
19.4494
19.4592
19.4788
19.4494
19.4396
19.4494
19.4788
19.4984
19.518
19.567
19.5474
19.5572
19.5572
19.5082
19.4592
19.4396
19.518
19.6944
19.7434
20.0374
20.2824
20.3412
20.4
20.3804
20.3314
20.3412
20.3412
20.3216
20.3118
20.3706
20.841
20.9292
20.8312
20.7724
20.89
20.939
21.0272
21.2526
21.4976
21.5368
21.625
21.7524
21.8112
21.8602
21.87
21.919
21.7328
21.4388
21.478
21.3702
21.3408
21.3212
21.2232
21.2428
21.1546
21.0958
21.0272
21.0076
21.1742
21.2526
21.3016
21.3408
21.3702
21.4486
21.6348
21.6054
21.5858
21.576
21.6152
21.7524
21.8112
21.8014
21.7818
21.87
21.8896
21.9092
21.919
21.9386
21.9876
22.0268
22.0072
22.066
22.1738
22.2326
22.262
22.4286
22.4482
22.4286
22.4188
22.3698
22.4482
22.4384
22.4286
22.4384
22.4776
22.4874
22.5168
22.5168
22.5168
22.5168
22.5364
22.5168
22.5364
22.556
22.6148
22.6344
22.6834
22.6932
22.703
22.703
22.7128
22.7324
22.752
22.6638
22.6344
22.6932
22.6736
22.6344
22.6148
22.5952
22.5462
22.5462
22.5364
22.5364
22.5462
22.5168
22.507
22.5168
22.5168
22.5168
22.5364
22.5364
22.5168
22.5364
22.5364
22.5462
22.5462
22.5364
22.556
22.5756
22.5952
22.5952
22.5952
22.5756
22.556
22.556
22.556
22.5658
22.5756
22.556
22.5462
22.556
22.5756
22.5462
22.556
22.556
22.5756
22.556
22.5364
22.5756
22.5952
22.5952
22.5854
22.6148
22.5952
22.654
22.6344
22.6736
22.654
22.6344
22.6442
22.6736
22.6736
22.6442
22.6148
22.654
22.6638
22.6736
22.703
22.703
22.6834
22.7226
22.752
22.7814
22.6932
22.6246
22.6736
22.6834
22.6344
22.6834
22.654
22.6246
22.6834
22.605
22.6246
22.6834
22.6148
22.5952
22.654
22.654
22.654
22.5756
22.5658
22.5854
22.5854
22.556
22.5658
22.556
22.654
22.654
22.6638
22.6442
22.6246
22.5952
22.5658
22.5168
22.5266
22.556
22.5462
22.5756
22.5952
22.5952
22.5658
22.5462
22.5364
22.5658
22.556
22.5756
22.5854
22.5756
22.5854
22.605
22.5952
22.5952
22.5952
22.6148
22.6246
22.654
22.6442
22.6442
22.654
22.6344
22.654
22.654
22.6638
22.5952
22.6148
22.6148
22.6246
22.6148
22.6148
22.556
22.5364
22.5168
22.556
22.5168
22.507
22.507
22.458
22.4776
22.458
22.4188
22.4188
22.4188
22.409
22.458
22.458
22.458
22.4384
22.4384
22.3992
22.409
22.4188
22.3992
22.36
22.3698
22.36
22.36
22.3796
22.3992
22.36
22.3012
22.2816
22.2718
22.2522
22.2424
22.2032
22.1836
22.1346
22.0954
22.0856
22.0758
22.066
22.066
21.9386
21.9386
21.968
21.968
21.9386
21.9582
21.9484
21.9582
21.9386
21.9484
21.9288
21.8798
21.8896
21.8602
21.8308
21.8112
21.8112
21.8112
21.8014
21.8112
21.8014
21.8014
21.7524
21.7622
21.7622
21.723
21.723
21.7426
21.7426
21.7426
21.7132
21.723
21.7034
21.674
21.6642
21.6838
21.674
21.6838
21.6838
21.674
21.674
21.6446
21.6544
21.6348
21.6348
21.6446
21.6152
21.6152
21.6152
21.6152
21.5858
21.576
21.576
21.576
21.576
21.5564
21.5564
21.5564
21.5466
21.527
21.5172
21.5368
21.5564
21.576
21.5956
21.6348
21.6152
21.5956
21.6152
21.625
21.5956
21.5858
21.6054
21.6348
21.5956
21.5662
21.5956
21.5858
21.5564
21.5564
21.5564
21.5662
21.5564
21.478
21.4486
21.4388
21.4388
21.429
21.4192
21.4192
21.4388
21.4486
21.4388
21.4584
21.478
21.4976
21.5172
21.5074
21.527
21.576
21.6152
21.6446
21.6348
21.6348
21.6348
21.6348
21.6152
21.6054
21.5662
21.5172
21.5074
21.4682
21.4878
21.4486
21.4584
21.4584
21.4486
21.4192
21.4388
21.4388
21.4388
21.4388
21.4584
21.4584
21.478
21.429
21.4094
21.4192
21.4486
21.5368
21.527
21.5956
21.5858
21.5858
21.576
21.576
21.5858
21.5956
21.5564
21.5466
21.5466
21.5172
21.5172
21.4976
21.5074
21.5074
21.527
21.478
21.478
21.4486
21.4192
21.4388
21.4486
21.4094
21.3996
21.429
21.429
21.429
21.4388
21.38
21.3604
21.3506
21.331
21.331
21.3506
21.3408
21.3604
21.3506
21.3408
21.3506
21.3506
21.3506
21.3506
21.3408
21.3114
21.3016
21.2722
21.2624
21.2918
21.233
21.2526
21.2918
