26.9954
26.9856
26.9366
26.9562
27.0444
27.0444
27.064
27.064
27.064
27.0738
27.0738
27.0836
27.0836
27.0934
27.0934
27.113
27.0934
27.1032
27.1326
27.1522
27.1032
27.0444
27.015
27.015
27.0836
27.1326
27.0836
27.1228
27.1228
27.1522
27.1914
27.211
27.1914
27.162
27.1032
27.1914
27.2208
27.2208
27.2404
27.2404
27.26
27.2404
27.2208
27.211
27.2012
27.211
27.211
27.2012
27.2012
27.2208
27.211
27.1914
27.162
27.1424
27.1424
27.1326
27.1326
27.1228
27.1228
27.1326
27.1424
27.0836
27.0738
27.1032
27.1032
27.113
27.0934
27.1032
27.1032
27.1228
27.1326
27.1424
27.1424
27.1522
27.1914
27.211
27.2796
27.2796
27.2992
27.2992
27.2992
27.2894
27.26
27.2404
27.2208
27.2404
27.26
27.2502
27.2404
27.2698
27.2208
27.211
27.1718
27.1914
27.1914
27.2404
27.2208
27.211
27.2012
27.2012
27.2012
27.2306
27.2502
27.26
27.211
27.2012
27.1816
27.1816
27.1424
27.1326
27.1326
27.1326
27.1816
27.1816
27.1816
27.1718
27.162
27.1424
27.1424
27.015
26.9856
26.966
26.917
26.9072
26.8092
26.7994
26.77
26.7308
26.721
26.6916
26.6524
26.6524
26.6426
26.6132
26.5936
26.5936
26.6132
26.6328
26.6524
26.6328
26.6524
26.6524
26.672
26.6622
26.6524
26.6524
26.6426
26.623
26.5838
26.5544
26.5054
26.5152
26.4956
26.476
26.5054
26.476
26.5054
26.5348
26.5152
26.5544
26.5348
26.5642
26.5544
26.5544
26.5544
26.5544
26.5642
26.5348
26.5152
26.4564
26.4368
26.4368
26.378
26.378
26.3682
26.378
26.378
26.3878
26.4172
26.4564
26.476
26.476
26.4172
26.3388
26.1918
26.1722
26.1722
26.1624
26.133
26.1428
26.1134
26.1722
26.182
26.182
26.1624
26.2016
26.2604
26.2408
26.2016
26.1526
26.1428
26.1134
26.0938
26.1134
26.2114
26.2408
26.2702
26.329
26.3584
26.3584
26.3192
26.3094
26.329
26.3388
26.3584
26.3682
26.4074
26.4172
26.4368
26.4172
26.4074
26.3976
26.4172
26.4466
26.4074
26.2604
26.2114
26.182
26.1722
26.1624
26.1722
26.1624
26.133
26.1232
26.1036
26.1036
26.084
26.1232
26.084
26.084
26.0644
26.0448
26.0546
26.1036
26.1036
26.0938
26.0644
26.0546
26.0448
26.0448
26.0448
26.0448
26.0154
26.0154
25.9762
25.986
25.9468
25.9272
25.9076
25.8978
25.937
25.8782
25.8488
25.839
25.8194
25.8488
25.8292
25.839
25.8782
25.9076
25.9174
25.8684
25.8684
25.8684
25.8292
25.8488
25.8684
25.8684
25.8782
25.8782
25.8488
25.8292
25.8194
25.8194
25.8194
25.7998
25.8096
25.7704
25.741
25.7802
25.8096
25.8194
25.8194
25.8194
25.8194
25.8194
25.8194
25.8194
25.8194
25.8194
25.8194
25.79
25.7606
25.7508
25.7214
25.692
25.6724
25.643
25.6136
25.6038
25.545
25.4666
25.447
25.4372
25.4274
25.4176
25.398
25.3882
25.3784
25.3882
25.3686
25.3588
25.3588
25.3686
25.3784
25.3686
25.3588
25.3686
25.3588
25.3392
25.3392
25.3294
25.3098
25.2902
25.2902
25.2706
25.2608
25.2608
25.2216
25.2216
25.2216
25.1824
25.1432
25.1236
25.1236
25.1236
25.104
25.1236
25.104
25.1236
25.1236
25.1138
25.1138
25.1236
25.104
25.104
25.104
25.104
25.104
25.104
25.104
25.104
25.104
25.104
25.0746
25.0648
25.0746
25.055
25.0452
25.0354
25.0452
25.0354
25.0256
25.006
25.006
25.006
25.006
24.9962
24.9962
24.9962
24.9864
24.9864
24.9766
24.957
24.9374
24.9472
24.9374
24.9276
24.9374
24.9472
24.9178
24.908
24.8884
24.8884
24.8884
24.8786
24.8688
24.8688
24.8688
24.8786
24.8786
24.8688
24.859
24.859
24.8296
24.8198
24.7904
24.7708
24.761
24.7512
24.7512
24.712
24.7022
24.6924
24.6924
24.6728
24.6728
24.6728
24.663
24.6532
24.663
24.6336
24.6336
24.5944
24.5454
24.5356
24.516
24.5062
24.516
24.516
24.4866
24.467
24.4572
24.4474
24.4376
24.4082
24.3984
24.2808
24.2808
24.2416
24.2318
24.2122
24.2024
24.173
24.1534
24.1436
24.1044
24.1044
24.1044
24.0946
24.1044
24.0848
24.075
24.0554
24.0456
24.0456
24.026
24.026
23.9966
23.9868
23.928
23.8986
23.879
23.83
23.8006
23.8104
23.7908
23.781
23.7516
23.7516
23.7418
23.7222
23.732
23.7222
23.7124
23.7222
23.7124
23.7124
23.7124
23.6928
23.683
23.6536
23.6536
23.6634
23.6242
23.6144
23.6242
23.5948
23.5948
23.5752
23.5556
23.5458
23.5556
23.5458
23.5164
23.5164
23.4968
23.4772
23.4674
23.4576
23.4576
23.4478
23.4478
23.4086
23.389
23.3694
23.3596
23.3498
23.34
23.34
23.3204
23.3204
23.3008
23.3008
23.3008
23.291
23.2812
23.2616
23.2322
23.2126
23.1832
23.1636
23.1636
23.1636
23.1538
23.1342
23.1342
23.1244
23.095
23.0852
23.0852
23.0754
23.0558
23.0558
23.046
23.046
23.0362
23.046
23.0264
23.0166
23.0166
22.997
22.9872
22.9872
22.997
23.0068
22.997
22.9872
22.9872
22.9774
22.9676
22.9676
22.9578
22.948
22.948
22.9578
22.948
22.948
22.9382
22.9284
22.9186
22.899
22.8892
22.8892
22.8892
22.8892
22.8892
22.8696
22.8696
22.8696
22.8696
22.8598
22.8402
22.8304
22.8402
22.8304
22.8402
22.8304
22.8206
22.8108
22.7912
22.7912
22.7716
22.7716
22.7716
22.7716
22.7814
22.7716
22.752
22.752
22.7324
22.7226
22.7226
22.7128
22.6932
22.6932
22.6932
22.6932
22.6932
22.6834
22.6736
22.6736
22.6932
22.6638
22.654
22.654
22.654
22.654
22.654
22.654
22.6638
22.6442
22.6344
22.6344
22.6246
22.6148
22.6148
22.605
22.605
22.6148
22.605
22.605
22.5952
22.5952
22.5756
22.5756
22.5658
22.5658
22.556
22.556
22.5462
22.5462
22.5364
22.5266
22.5364
22.5266
22.5364
22.5168
22.5364
22.5364
22.5266
22.5168
22.507
22.4972
22.4874
22.4874
22.458
22.458
22.4482
22.4188
22.4188
22.4188
22.4286
22.4384
22.4286
22.4188
22.4188
22.4188
22.4188
22.409
22.409
22.3992
22.3992
22.3992
22.409
22.409
22.3992
22.3894
22.3992
22.3796
22.36
22.3502
22.3698
22.36
22.36
22.36
22.3502
22.2914
22.311
22.3012
22.3012
22.3208
22.311
22.3208
22.3306
22.3208
22.3208
22.311
22.3012
22.2914
22.3012
22.3012
22.3012
22.3012
22.3012
22.3012
22.2914
22.2816
22.2816
22.2718
22.262
22.2522
22.2522
22.2522
22.2424
22.2522
22.2424
22.2326
22.2326
22.2326
22.2228
22.2326
22.2228
22.2228
22.2326
22.2228
22.2032
22.1934
22.1934
22.1836
22.1836
22.1836
22.1738
22.1836
22.164
22.1444
22.1248
22.115
22.1052
22.115
22.1052
22.1248
22.115
22.1248
22.115
22.1052
22.115
22.115
22.1052
22.0856
22.0954
22.1052
22.115
22.1052
22.0954
22.1052
22.066
22.0464
22.0464
22.0464
22.0366
22.0464
22.0562
22.0366
22.0464
22.0268
22.0072
22.0072
21.9974
21.9974
22.0072
22.0268
22.0072
21.9974
21.9876
21.9778
21.9778
21.9778
21.9974
21.9778
21.9876
21.9778
21.9876
21.968
21.9582
21.9582
21.9484
21.9582
21.9386
21.9288
21.9386
21.9386
21.9484
21.9484
21.9092
21.9288
21.9092
21.9092
21.919
21.9288
21.9288
21.9288
21.9092
21.8896
21.8896
21.8994
21.8896
21.9092
21.8896
21.9092
21.8994
21.8896
21.8896
21.87
21.8602
21.87
21.8504
21.8602
21.87
21.8602
21.87
21.8504
21.87
21.8602
21.8798
21.8798
21.8406
21.8406
21.8308
21.8308
21.8112
21.8112
21.8112
21.8112
21.8112
21.8112
21.8112
21.8112
21.8112
21.8112
21.8112
21.8112
21.8112
21.8112
21.8112
21.8112
21.8112
21.8112
21.8112
21.8112
21.8112
21.8112
21.8112
21.8112
21.7916
21.772
21.772
21.772
21.7524
21.7622
21.7622
21.7524
21.7426
21.7426
21.7426
21.7328
21.7328
21.7328
21.7426
21.7328
21.7328
21.7426
21.7328
21.723
21.7328
21.7132
21.7034
21.7034
21.6936
21.6936
21.6936
21.6838
21.6838
21.674
21.674
21.674
21.6642
21.6446
21.6348
21.6446
21.6348
21.6348
21.6348
21.625
21.6152
21.6152
21.625
21.6152
21.6152
21.6054
21.6054
21.5956
21.6054
21.5956
21.6054
21.5956
21.5858
21.5956
21.5956
21.5858
21.576
21.5564
21.5564
21.5368
21.5466
21.5466
21.5368
21.5466
21.527
21.527
21.5172
21.527
21.5172
21.5172
21.5074
21.5074
21.5172
21.4976
21.4976
21.5074
21.5074
21.4976
21.5074
21.4878
21.4878
21.4976
21.478
21.4584
21.4682
21.4584
21.4584
21.4486
21.4388
21.4584
21.4388
21.4388
21.4388
21.429
21.4388
21.429
21.429
21.429
21.429
21.429
21.4192
21.4192
21.4094
21.4094
21.3996
21.3996
21.3996
21.3996
21.3996
21.38
21.38
21.3702
21.3702
21.38
21.3604
21.3604
21.3506
21.3408
21.3408
21.3506
21.3506
21.3408
21.3408
21.3408
21.3212
21.3212
21.331
21.3114
21.3114
21.3212
21.3114
21.2918
21.3016
21.2918
21.282
21.2722
21.2624
21.2722
21.282
21.2624
21.2624
21.2526
21.2624
21.2526
21.2624
21.2526
21.2624
21.2624
21.2624
21.2526
21.2526
21.2428
21.2428
21.233
21.2232
21.2232
21.2134
21.2232
21.2036
21.2036
21.1938
21.2036
21.1938
21.184
21.184
21.1742
21.184
21.184
21.1644
21.1644
21.1742
21.184
21.1742
21.184
21.184
21.1742
21.1644
21.1644
21.1644
21.1644
21.1644
21.1644
21.1644
21.1644
21.1546
21.1644
21.1644
21.1644
21.1644
21.1644
21.1546
21.1448
21.1448
21.1448
21.135
21.1252
21.135
21.1252
21.1252
21.1252
21.1154
21.1056
21.1056
21.1252
21.1056
21.0958
21.1154
21.1056
21.1154
21.1056
21.1056
21.1056
21.0958
21.086
21.086
21.0958
21.086
21.0664
21.0664
21.086
21.086
21.0664
21.0468
21.0664
21.0566
21.0468
21.037
21.0468
21.0468
21.0272
21.0272
21.0272
21.0272
21.0272
21.037
21.0272
21.0272
21.0272
21.0272
21.0174
21.0174
21.0076
21.0174
21.0076
21.0174
20.9978
20.9978
20.9978
20.988
20.9684
20.9684
20.988
20.9684
20.988
20.9978
20.988
20.988
20.9782
20.9586
20.9586
20.9586
20.9586
20.9292
20.9194
20.9096
20.9096
20.8998
20.89
20.89
20.89
20.8998
20.89
20.89
20.8802
20.8802
20.8704
20.8606
20.8508
20.8508
20.8312
20.8116
20.8214
20.8312
20.8312
20.8508
20.8312
20.8116
20.8018
20.792
20.7822
20.7822
20.792
20.7822
20.7724
20.7724
20.7822
20.7724
20.7724
20.7724
20.7528
20.7528
20.743
20.743
20.743
20.7528
20.7332
20.743
20.7528
20.743
20.7234
20.694
20.7038
20.6842
20.6842
20.6842
20.6842
20.694
20.694
20.7038
20.694
20.7136
20.7038
20.694
20.6744
20.6744
20.6842
20.694
20.6842
20.6744
20.6842
20.6744
20.6744
20.645
20.6548
20.645
20.6352
20.6352
20.645
20.6352
20.6156
20.5764
20.5764
20.5764
20.5862
20.5862
20.596
20.596
20.596
20.596
20.5862
20.5764
20.5764
20.5568
20.5666
20.5764
20.5764
20.5764
20.5764
20.5764
20.5666
20.5568
20.5568
20.547
20.5372
20.5372
20.5372
20.5274
20.5372
20.547
20.547
20.547
20.5568
20.5666
20.547
20.5568
20.5372
20.5372
20.547
20.5568
20.5568
20.5568
20.547
20.547
20.5372
20.547
20.5372
20.547
20.5568
20.5372
20.5372
20.5372
20.547
20.547
20.547
20.5274
20.5372
20.5176
20.5176
20.5274
20.5176
20.5274
20.5372
20.5372
20.5274
20.5372
20.5372
20.5274
20.5176
20.5372
20.5176
20.5274
20.5176
20.5176
20.5176
20.5176
20.5078
20.498
20.5078
20.5078
20.5176
20.5078
20.5078
20.5078
20.498
20.5078
20.498
20.498
20.498
20.498
20.498
20.498
20.498
20.498
20.4784
20.4882
20.4882
20.4882
20.498
20.4784
20.4882
20.4784
20.4686
20.4784
20.4784
20.4784
20.4784
20.4784
20.4784
20.4686
20.4588
20.4588
20.4588
20.449
20.449
20.4392
20.4098
20.4098
20.4
20.3902
20.3902
20.3804
20.3804
20.4
20.3902
20.3902
20.4
20.3902
20.3902
20.4
20.4
20.4
20.4
20.4098
20.4
20.4
20.4
20.3706
20.3804
20.3706
20.3706
20.3706
20.3608
20.3412
20.3412
20.3314
20.3216
20.302
20.302
20.302
20.2922
20.3216
20.3216
20.3118
20.3216
20.3216
20.3216
20.3118
20.3118
20.3216
20.3118
20.3314
20.3216
20.3216
20.3314
20.3412
20.3412
20.3412
20.3216
20.3118
20.302
20.2922
20.3118
20.2824
20.2726
20.2726
20.2628
20.2432
20.2432
20.2432
20.2432
20.2628
20.2628
20.2628
20.253
20.2432
20.2334
20.2236
20.2432
20.2236
20.204
20.1942
20.1942
20.204
20.2236
20.2236
20.204
20.204
20.204
20.1942
20.204
20.1844
20.1942
20.204
20.1844
20.1844
20.1648
20.1648
20.1648
20.1648
20.155
20.1648
20.155
20.155
20.155
20.155
20.1354
20.1354
20.1256
20.1452
20.1354
20.1452
20.1452
20.1256
20.1354
20.1256
20.1256
20.1354
20.1256
20.1158
20.1158
20.106
20.106
20.0962
20.0864
20.0864
20.0864
20.0766
20.0864
20.0766
20.0864
20.0864
20.0864
20.0864
20.0864
20.0864
20.0962
20.0864
20.0962
20.0668
20.0668
20.0668
20.0668
20.057
20.0668
20.057
20.0374
20.0472
20.0472
20.0178
20.0276
20.008
20.008
20.0276
20.008
20.0178
20.0276
20.0374
20.0276
20.008
20.008
19.9982
19.9982
20.008
20.008
20.008
20.008
20.008
19.9884
19.9786
19.9884
19.9786
19.9786
19.9688
19.9786
19.9884
19.9688
19.9688
19.9688
19.9688
19.959
19.959
19.959
19.9688
19.959
19.9492
19.959
19.9492
19.9492
19.9492
19.9492
19.9492
19.959
19.959
19.959
19.9492
19.9492
19.9492
19.9394
19.91
19.9198
19.91
19.9296
19.9296
19.9296
19.9296
19.9296
19.9198
19.9296
19.9198
19.91
19.91
19.9002
19.9002
19.91
19.9002
19.91
19.8904
19.9002
19.91
19.91
19.91
19.91
19.8904
19.8904
19.9002
19.91
19.9002
19.8904
19.8708
19.8708
19.8806
19.8708
19.8708
19.8708
19.8708
19.8806
19.8806
19.8708
19.8708
19.8708
19.861
19.8512
19.8512
19.8708
19.861
19.8512
19.8512
19.8414
19.8316
19.812
19.8022
19.8022
19.8022
19.812
19.7924
19.812
19.8218
19.8218
19.8218
19.8218
19.812
19.812
19.8218
19.812
19.812
19.8218
19.812
19.812
19.8218
19.8022
19.812
19.812
19.812
19.7924
19.7826
19.7728
19.7826
19.7924
19.7924
19.7826
19.7924
19.7826
19.763
19.7728
19.7532
19.7532
19.7728
19.7728
19.7728
19.7826
19.7826
19.7924
19.7924
19.7924
19.812
19.8022
19.7924
19.7924
19.7924
19.8022
19.812
19.812
19.812
19.8218
19.812
19.812
19.8218
19.812
19.812
19.8218
19.8218
19.8218
19.8316
19.8512
19.8512
19.8708
19.8708
19.8708
19.861
19.861
19.8806
19.8904
19.8806
19.8904
19.9002
19.9198
19.9198
19.9492
19.959
19.9492
19.9786
19.9688
19.9786
19.9884
19.9884
19.9884
19.9884
19.9982
20.008
20.0178
20.0178
20.0374
20.0374
20.0374
20.0472
20.0374
20.0472
20.0472
20.057
20.0668
20.0668
20.0766
20.0766
20.0864
20.0962
20.106
20.1158
20.1158
20.1158
20.1256
20.1256
20.1354
20.1452
20.1746
20.1746
20.1844
20.1844
20.1942
20.204
20.204
20.2236
20.2334
20.2432
20.2432
20.2726
20.2824
20.2824
20.3118
20.3118
20.3314
20.3412
20.3608
20.4
20.4294
20.449
20.4686
20.5176
20.5274
20.5568
20.596
20.6058
20.6352
20.6548
20.6744
20.7038
20.7332
20.7528
20.7724
20.792
20.8018
20.841
20.8704
20.9096
20.9292
20.939
21.0468
21.0664
21.0958
21.1938
21.2428
21.2526
21.282
21.3016
21.38
21.429
21.4388
21.4584
21.4878
21.4976
21.5172
21.576
21.6054
21.625
21.6348
21.6838
21.6936
21.6936
21.7132
21.772
21.7916
21.8112
21.87
21.8896
21.919
21.919
22.0268
22.0464
22.0464
22.066
22.0954
22.1248
22.1542
22.2032
22.2032
22.2228
22.2424
22.3208
22.3502
22.3796
22.3894
22.4482
22.4776
22.5168
22.5462
22.6344
22.654
22.6736
22.703
22.7324
22.752
22.7716
22.7912
22.8206
22.85
22.8892
22.9088
22.948
22.9774
22.9676
23.0068
23.046
23.046
23.0754
23.0852
23.1048
23.1342
23.1342
23.1636
23.2028
23.2322
23.2812
23.3008
23.3498
23.3596
23.389
23.4576
23.4968
23.5164
23.5458
23.5556
23.5556
23.5948
23.6144
23.634
23.6242
23.6536
23.6634
23.7026
23.7222
23.732
23.732
23.781
23.8692
23.9084
23.9574
23.9574
23.9868
24.026
24.0456
24.075
24.075
24.1044
24.1044
24.1142
24.1534
24.1926
24.2318
24.2612
24.2906
24.3004
24.32
24.32
24.3298
24.3592
24.3788
24.418
24.4376
24.4572
24.4768
24.4964
24.5454
24.565
24.614
24.614
24.6434
24.6728
24.712
24.7414
24.7316
24.7708
24.8002
24.8002
24.7904
24.8296
24.8394
24.8394
24.8492
24.8786
24.8884
24.9472
24.957
24.9766
24.9864
25.0158
25.0158
25.055
25.0746
25.1236
25.1726
25.1824
25.1824
25.2216
25.251
25.2706
25.2804
25.2902
25.3
25.3196
25.349
25.349
25.3784
25.3882
25.398
25.4176
25.4274
25.4274
25.4372
25.4764
25.5156
25.5352
25.545
25.5646
25.6234
25.6136
25.643
25.643
25.6724
25.7116
25.7312
25.7704
25.79
25.8194
25.8194
25.8194
25.8194
25.8194
25.839
25.8586
25.8782
25.9076
25.986
25.9762
26.0056
26.0252
26.0252
26.0448
26.0546
26.0644
26.0938
26.1624
26.2016
26.2016
26.2016
26.2702
26.2898
26.2898
26.2996
26.3192
26.3584
26.3976
26.4074
26.4564
26.476
26.4662
26.4956
26.5348
26.5544
26.5838
26.5544
26.5936
26.6132
26.623
26.6034
26.623
26.623
26.6328
26.6426
26.672
26.6818
26.7112
26.721
26.7504
26.7308
26.7504
26.7798
26.77
26.7896
26.8288
26.8484
26.9072
26.9072
26.9366
26.9562
26.9758
26.9758
26.9856
27.0052
27.0738
27.0738
27.0836
27.0934
27.1228
27.1228
27.1326
27.1424
27.162
27.1816
27.1816
27.2012
27.2208
27.26
27.2698
27.2796
27.3188
27.3188
27.3188
27.3188
27.3188
27.358
27.3874
27.3874
27.3874
27.4168
27.4168
27.4266
27.4364
27.4266
27.4168
27.4266
27.4364
27.4658
27.4854
27.456
27.4854
27.4756
27.4658
27.4756
27.4756
27.4854
27.5148
27.5736
27.5834
27.603
27.603
27.6226
27.6324
27.6324
27.652
27.5932
27.5148
27.505
27.505
27.554
27.554
27.5736
27.603
27.6324
27.6422
27.652
27.6618
27.6912
27.6814
27.701
27.7108
27.7696
27.7598
27.7108
27.7304
27.7402
27.7206
27.7206
27.75
27.7696
27.7794
27.799
27.8088
27.8088
27.8186
27.8088
27.7696
27.7598
27.7892
27.8578
27.9068
27.897
27.8774
27.9068
27.9068
27.8872
27.9264
27.9362
27.9264
28.0048
28.0734
28.1224
28.1126
28.1224
28.1028
28.0342
27.995
28.0048
28.0048
28.0048
28.044
28.044
28.0832
28.1518
28.1616
28.1616
28.24
28.2302
28.2204
28.24
28.2596
28.2988
28.3282
28.3282
28.2988
28.24
28.2596
28.2988
28.2988
28.2792
28.289
28.3282
28.3576
28.3576
28.3674
28.3772
28.3674
28.3576
28.3772
28.4458
28.4556
28.4654
28.4948
28.5046
28.4752
28.485
28.5536
28.5242
28.5046
28.4948
28.4948
28.5242
28.534
28.5634
28.5438
28.5242
28.5144
28.4948
28.4948
28.534
28.4948
28.4948
28.4948
28.534
28.5438
28.6026
28.6026
28.6124
28.632
28.6124
28.5242
28.5438
28.5928
28.6222
28.632
28.6026
28.6418
28.5732
28.5634
28.5536
28.5928
28.6026
28.6222
28.6908
28.6418
28.681
28.6516
28.632
28.5732
28.5438
28.5536
28.4752
28.4948
28.583
28.6124
28.6124
28.5928
28.6124
28.632
28.632
28.6124
28.6124
28.5732
28.6124
28.5634
28.5046
28.4164
28.4164
28.4556
28.5046
28.5438
28.5536
28.5732
28.5928
28.6026
28.5536
28.5046
28.4066
28.4458
28.4654
28.4654
28.4556
28.436
28.4458
28.4262
28.4164
28.4556
28.4948
28.5046
28.4066
28.3968
28.4752
28.5144
28.4948
28.4752
28.387
28.3086
28.24
28.191
28.1518
28.1518
28.191
28.2008
28.191
28.2008
28.191
28.191
28.2008
28.2204
28.2106
28.2204
28.191
28.1714
28.1616
28.2106
28.1616
28.1518
28.2008
28.2596
28.2596
28.24
28.2792
28.2988
28.2988
28.2694
28.2596
28.2792
28.2694
28.2302
28.2204
28.1812
28.1812
28.1224
28.1812
28.2106
28.2008
28.1812
28.1518
28.1518
28.142
28.1518
28.1028
28.0734
28.0734
28.0832
28.1028
28.0832
28.0636
27.995
28.0244
27.9656
27.9852
28.0244
28.0636
28.0636
27.995
28.0048
27.9852
27.9656
27.9754
27.9264
27.9362
27.9068
27.8676
27.8872
27.9166
27.9068
27.897
27.897
27.897
27.8872
27.8774
27.8676
27.8676
27.8774
27.9166
27.946
27.9852
27.9754
27.9558
27.946
27.9068
27.9166
27.9166
27.9068
27.9068
27.8872
27.8284
27.7696
27.7304
27.7108
27.701
27.6226
27.75
27.75
27.7402
27.7108
27.7108
27.7598
27.7598
27.7206
27.701
27.6618
27.5932
27.5736
27.554
27.5736
27.5834
27.5638
27.5442
27.5246
27.554
27.554
27.554
27.4952
27.4756
27.4756
27.5148
27.5246
27.5834
27.5736
27.554
27.5442
27.5148
27.505
27.4756
27.4462
27.4364
27.3874
27.3874
27.3972
27.407
27.4168
27.4364
27.456
27.4658
27.4854
27.4658
27.456
27.4462
27.4364
27.4462
27.456
27.4854
27.4952
27.505
27.5246
27.4952
27.4854
27.4658
27.4364
27.3678
27.3384
27.358
27.358
27.358
27.3678
27.3776
27.3972
27.407
27.4168
27.4266
27.4364
27.4364
27.4364
27.3972
27.3874
27.3972
27.3972
27.3874
27.3776
27.3874
27.3972
27.3776
27.3678
27.3678
27.3384
27.358
27.3188
27.2992
27.2992
27.2992
27.2992
27.2698
27.2502
27.2502
27.26
27.2306
27.2208
27.2208
27.2012
27.2012
27.1914
27.2012
27.2012
27.1914
27.211
27.1718
27.162
27.162
27.162
27.1522
27.1522
27.1424
27.1522
27.1228
27.1032
27.1032
27.1032
27.1032
27.1032
27.0836
27.0738
27.0542
27.0444
27.0444
26.9954
26.9954
27.0052
26.9856
26.9758
26.9758
26.9464
26.8778
26.8778
26.868
26.8778
26.8582
26.8484
26.8288
26.8092
26.7994
26.7994
26.7896
26.7896
26.7896
26.77
26.77
26.7504
26.7504
26.7308
26.7308
26.7014
26.6916
26.6916
26.6818
26.6818
26.6818
26.672
26.672
26.6622
26.6622
26.6524
26.6524
26.6328
26.6132
26.5544
26.5348
26.525
26.5152
26.4956
26.476
26.476
26.4564
26.4564
26.4466
26.4368
26.3878
26.3682
26.378
26.3584
26.3584
26.3486
26.3486
26.3094
26.2996
26.2996
26.2898
26.2898
26.28
26.2702
26.2702
26.2408
26.2408
26.2212
26.1918
26.182
26.1624
26.1526
26.133
26.1232
26.1134
26.0938
26.0938
26.0742
26.0546
26.035
26.0056
25.9566
25.937
25.9468
25.9272
25.9272
25.9076
25.9076
25.8978
25.888
25.888
25.8684
25.8782
25.8488
25.8292
25.8194
25.8194
25.8194
25.8194
25.8194
25.8194
25.7802
25.7606
25.7214
25.7018
25.6822
25.6822
25.6626
25.6528
25.6332
25.6038
25.6038
25.6038
25.6038
25.5842
25.594
25.594
25.5842
25.5842
25.5744
25.5744
25.5646
25.5548
25.5058
25.4764
25.4764
25.4568
25.447
25.4372
25.4176
25.4176
25.4078
25.3882
25.3882
25.3784
25.349
25.3196
25.3196
25.2902
25.3
25.2902
25.2608
25.251
25.2216
25.2216
25.202
25.1922
25.1824
25.1726
25.153
25.1334
25.1236
25.1236
25.1138
25.1138
25.1236
25.1138
25.104
25.104
25.0844
25.0844
25.0648
25.0648
25.0256
24.9962
24.9766
24.9668
24.9374
24.9178
24.9178
24.908
24.8982
24.8884
24.8492
24.8492
24.8492
24.8492
24.8394
24.8492
24.8394
24.8296
24.8002
24.7806
24.7806
24.7806
24.761
24.761
24.7512
24.7512
24.7414
24.7316
24.7218
24.7022
24.6924
24.6826
24.6826
24.6728
24.663
24.6434
24.6434
24.6238
24.6238
24.614
24.5944
24.5944
24.5846
24.565
24.5552
24.5552
24.5552
24.5552
24.5454
24.5356
24.5258
24.5258
24.516
24.5062
24.5062
24.4866
24.4964
24.4768
24.467
24.4572
24.467
24.4474
24.4376
24.418
24.3984
24.3886
24.3788
24.369
24.3592
24.3592
24.3592
24.3396
24.3396
24.32
24.3102
24.3102
24.2906
24.3004
24.2906
24.2906
24.2808
24.2808
24.2808
24.271
24.2612
24.271
24.2416
24.2416
24.2416
24.2318
24.222
24.2122
24.2122
24.2024
24.1926
24.2024
24.2024
24.1828
24.173
24.1534
24.1436
24.1338
24.124
24.1338
24.1338
24.1338
24.124
24.1142
24.1044
24.1044
24.1044
24.0946
24.0946
24.075
24.0652
24.0652
24.0652
24.0652
24.0652
24.0652
24.0652
24.0456
24.0358
24.0358
24.026
24.026
24.0064
23.9966
23.9868
23.9672
23.977
23.9476
23.9574
23.9378
23.928
23.9182
23.9084
23.9084
23.9084
23.9084
23.9084
23.8986
23.8986
23.8888
23.8986
23.8888
23.8888
23.879
23.8692
23.8692
23.8692
23.8594
23.8496
23.8398
23.8398
23.8202
23.8202
23.8104
23.8006
23.8006
23.781
23.7908
23.7712
23.7712
23.7712
23.7712
23.7712
23.7712
23.7614
23.7516
23.7516
23.7614
23.7516
23.7516
23.7516
23.7516
23.7516
23.7516
23.7516
23.7418
23.7516
23.7418
23.732
23.7124
23.7124
23.6928
23.6928
23.683
23.6732
23.6732
23.6732
23.6732
23.6536
23.6536
23.6438
23.6438
23.634
23.6438
23.6242
23.6242
23.6242
23.6144
23.6046
23.6046
23.6046
23.6144
23.6144
23.6144
23.6144
23.6046
23.6144
23.5948
23.5948
23.5948
23.5752
23.5752
23.5752
23.5654
23.5556
23.5458
23.5458
23.5262
23.536
23.5262
23.5262
23.5066
23.5066
23.4968
23.4968
23.487
23.4772
23.4772
23.4772
23.4674
23.4576
23.4674
23.4772
23.487
23.4968
23.487
23.487
23.487
23.4772
23.487
23.4772
23.4674
23.4674
23.4576
23.4674
23.4478
23.4576
23.438
23.4282
23.4086
23.3988
23.3792
23.3988
23.3792
23.389
23.389
23.3792
23.3792
23.3596
23.3596
23.3596
23.3498
23.3498
23.3498
23.3596
23.3596
23.3498
23.3498
23.3498
23.3498
23.34
23.34
23.34
23.34
23.3498
23.34
23.34
23.34
23.3302
23.3204
23.3204
23.3008
23.3008
23.2812
23.2812
23.2812
23.2714
23.2812
23.2812
23.2812
23.2812
23.291
23.2714
23.2616
23.2616
23.242
23.242
23.242
23.242
23.2224
23.2322
23.2322
23.242
23.2322
23.242
23.2224
23.2224
23.2224
23.2224
23.2224
23.2224
23.242
23.2224
23.2224
23.2028
23.193
23.1734
23.1832
23.1832
23.1832
23.1832
23.1832
23.193
23.1832
23.1636
23.1636
23.1538
23.144
23.1538
23.144
23.1636
23.144
23.1538
23.1538
23.144
23.144
23.1342
23.1244
23.1244
23.144
23.1244
23.144
23.1342
23.1244
23.1342
23.1342
23.144
23.144
23.1146
23.1146
23.095
23.0852
23.0852
23.0852
23.095
23.1048
23.1048
23.1048
23.1048
23.0852
23.0754
23.0754
23.0754
23.0754
23.0754
23.0754
23.0852
23.0852
23.0852
23.0852
23.0852
23.0754
23.0656
23.0558
23.0558
23.0558
23.0558
23.0558
23.0558
23.0656
23.0656
23.0656
23.0558
23.046
23.046
23.0264
23.0264
23.0264
23.0166
23.0166
23.0166
23.0068
23.0166
23.0166
23.0166
23.0068
22.997
22.9872
22.9872
22.9872
22.997
23.0068
23.0068
22.997
22.997
22.9872
22.9774
22.9774
22.9676
22.9676
22.9676
22.9872
22.9872
22.9872
22.9774
22.948
22.948
22.948
22.9382
22.9382
22.948
22.9382
22.9578
22.9676
22.9578
22.9676
22.948
22.9284
22.948
22.948
22.948
22.9578
22.9578
22.948
22.9284
22.9382
22.9284
22.9284
22.9186
22.9088
22.9088
22.9088
22.9088
22.9088
22.9088
22.899
22.8892
22.8892
22.8696
22.8598
22.8794
22.8696
22.899
22.899
22.8794
22.8794
22.8794
22.8598
22.8696
22.8696
22.8598
22.8696
22.8598
22.8598
22.8696
22.8598
22.8696
22.85
22.85
22.8402
22.8304
22.85
22.85
22.8402
22.8304
22.8402
22.85
22.85
22.85
22.8304
22.8206
22.8108
22.8108
22.8108
22.8108
22.8206
22.8206
22.8108
22.801
22.801
22.801
22.7814
22.7716
22.7814
22.7618
22.7618
22.7716
22.7716
22.7716
22.7716
22.7716
22.7814
22.7716
22.752
22.7618
22.7422
22.7422
22.7324
22.7324
22.7422
22.7422
22.752
22.752
22.752
22.752
22.7324
22.7226
22.7226
22.7226
22.7128
22.7128
22.6932
22.6932
22.6932
22.6932
22.6736
22.6736
22.6736
22.6736
22.6834
22.6932
22.6932
22.6834
22.6834
22.6638
22.6638
22.654
22.654
22.654
22.6736
22.6736
22.6736
22.6736
22.6638
22.6638
22.654
22.654
22.6344
22.6344
22.6344
22.6148
22.6246
22.6246
22.6246
22.6148
22.6344
22.6246
22.6344
22.6148
22.6148
22.5952
22.5952
22.5952
22.605
22.605
22.5952
22.605
22.6148
22.6148
22.5952
22.5952
22.5952
22.5854
22.5952
22.5854
22.5952
22.5854
22.5854
22.5854
22.5756
22.5854
22.5658
22.5756
22.556
22.556
22.556
22.5462
22.556
22.556
22.5462
22.556
22.556
22.5462
22.556
22.556
22.5266
22.5266
22.5266
22.5364
22.5364
22.5364
22.5364
22.5364
22.5462
22.5266
22.5364
22.5168
22.5168
22.5168
22.4972
22.4874
22.5168
22.4972
22.4972
22.507
22.4972
22.4972
22.4972
22.4972
22.4874
22.4776
22.4776
22.4776
22.4776
22.4874
22.4776
22.4874
22.4776
22.4776
22.458
22.4776
22.458
22.4384
22.4482
22.4384
22.4286
22.4384
22.4384
22.4482
22.4384
22.3894
22.3992
22.3992
22.409
22.3992
22.4188
22.3992
22.3992
22.3992
22.3992
22.409
22.3894
22.3992
22.3992
22.3894
22.3992
22.3796
22.3796
22.3894
22.3796
22.3698
22.3698
22.3796
22.3796
22.36
22.36
22.3698
22.36
22.36
22.36
22.36
22.3502
22.3502
22.3404
22.3502
22.3404
22.3306
22.3208
22.3208
22.3208
22.3012
22.3208
22.3208
22.3208
22.311
22.311
22.3012
22.3012
22.311
22.3012
22.311
22.311
22.3208
22.2914
22.2914
22.2816
22.2718
22.2718
22.262
22.2816
22.262
22.262
22.2718
22.2718
22.2424
22.2424
22.2522
22.2522
22.2424
22.2424
22.2522
22.2326
22.2228
22.2228
22.2326
22.2228
22.2228
22.2228
22.2228
22.2032
22.213
22.2032
22.2032
22.1836
22.1836
22.1934
22.1836
22.1836
22.1738
22.1934
22.1738
22.1738
22.1836
22.1836
22.1934
22.1934
22.1836
22.1934
22.2032
22.1934
22.1836
22.1934
22.1836
22.2032
22.1934
22.1836
22.1836
22.1836
22.1738
22.1738
22.164
22.1444
22.1542
22.1542
22.1542
22.1542
22.1444
22.1346
22.1248
22.1248
22.1248
22.1248
22.115
22.1248
22.1248
22.115
22.115
22.1248
22.1346
22.1248
22.1346
22.1248
22.115
22.1248
22.1346
22.1248
22.115
22.1248
22.1248
22.115
22.115
22.1052
22.115
22.115
22.115
22.1052
22.0954
22.0758
22.0856
22.0856
22.0758
22.0758
22.066
22.0758
22.2032
22.2228
22.213
22.1934
22.164
22.1444
22.1248
22.1248
22.115
22.1052
22.0954
22.0954
22.0856
22.0856
22.0758
22.066
22.0562
22.0562
22.0562
22.0366
22.0366
22.0268
22.0268
22.0268
22.0268
22.0268
22.0072
22.0072
21.9974
21.9876
21.9974
21.9876
21.9974
21.9876
21.9876
21.9778
21.9876
21.9876
21.9876
21.9778
21.9778
21.9778
21.9778
21.968
21.968
21.968
21.9484
21.9582
21.9582
21.9484
21.9484
21.9484
21.9288
21.9386
21.9386
21.9288
21.9288
21.9288
21.9288
21.9288
21.919
21.9288
21.9288
21.9288
21.9288
21.9288
21.9092
21.919
21.9092
21.919
21.9092
21.9092
21.9092
21.9092
21.9092
21.919
21.9092
21.9092
21.8896
21.8994
21.8994
21.8896
21.8896
21.87
21.87
21.8504
21.8504
21.87
21.87
21.87
21.87
21.8602
21.8504
21.8504
21.8504
21.8504
21.8504
21.8504
21.8504
21.8504
21.8504
21.8602
21.8504
21.8504
21.8406
21.8504
21.8308
21.8406
21.8406
21.8504
21.8308
21.8308
21.821
21.8112
21.8112
21.8112
21.8112
21.8112
21.8112
21.8112
21.8014
21.8112
21.8112
21.8014
21.8014
21.8014
21.8112
21.8112
21.8112
21.8112
21.8112
21.8014
21.8014
21.8112
21.8014
21.7916
21.772
21.7818
21.772
21.772
21.7818
21.772
21.7524
21.772
21.7622
21.772
21.7524
21.7524
21.7328
21.7426
21.7426
21.7524
21.7524
21.7524
21.7524
21.7426
21.7524
21.7622
21.772
21.772
21.7622
21.7524
21.7622
21.7622
21.7622
21.772
21.7524
21.7524
21.7524
21.7426
21.7328
21.723
21.723
21.7034
21.7132
21.6936
21.6936
21.6936
21.7034
21.7132
21.7132
21.7034
21.6936
21.6936
21.6642
21.6838
21.6936
21.6936
21.6936
21.6936
21.7034
21.6838
21.6838
21.674
21.6838
21.674
21.674
21.6642
21.674
21.6642
21.6544
21.6446
21.6544
21.6446
21.625
21.6348
21.625
21.6152
21.6348
21.625
21.625
21.6054
21.6054
21.5956
21.5956
21.5858
21.5956
21.5956
21.5956
21.5956
21.576
21.576
21.5858
21.576
21.5662
21.576
21.5662
21.5564
21.5662
21.5662
21.5662
21.576
21.576
21.576
21.5662
21.5662
21.5466
21.5466
21.5564
21.5564
21.5564
21.5564
21.5564
21.5368
21.5368
21.5172
21.5368
21.527
21.5368
21.527
21.5172
21.5172
21.5172
21.5172
21.5074
21.4976
21.4976
21.4976
21.4976
21.4976
21.4976
21.4878
21.5074
21.4976
21.5074
21.5074
21.4976
21.4976
21.478
21.4878
21.4878
21.478
21.4878
21.478
21.4878
21.4878
21.4976
21.4878
21.478
21.478
21.4682
21.4584
21.4584
21.4584
21.4388
21.4388
21.4486
21.4486
21.4486
21.4486
21.4584
21.4388
21.4486
21.4486
21.4486
21.4486
21.4486
21.4486
21.4584
21.4486
21.4486
21.4584
21.4486
21.4682
21.4486
21.4584
21.4388
21.4486
21.4388
21.4486
21.4388
21.4388
21.4388
21.4192
21.4192
21.4094
21.3996
21.3996
21.4094
21.3898
21.3996
21.3996
21.3898
21.3996
21.4094
21.3996
21.3996
21.4192
21.3996
21.4192
21.4192
21.4192
21.4094
21.4094
21.4192
21.3996
21.4192
21.4192
21.4192
21.4192
21.4192
21.4094
21.3996
21.3996
21.38
21.3898
21.3898
21.38
21.3898
21.3898
21.3702
21.3702
21.3702
21.3702
21.3702
21.3604
21.3604
21.3604
21.3604
21.3702
21.3702
21.3702
21.3604
21.3604
21.3506
21.3506
21.3604
21.3604
21.3604
21.3702
21.3604
21.3604
21.3604
21.3604
21.3408
21.3506
21.3702
21.3604
21.3604
21.3506
21.3408
21.3408
21.331
21.3408
21.3408
21.331
21.3408
21.3408
21.3212
21.3408
21.3408
21.3212
21.3408
21.3408
21.3408
21.331
21.3114
21.3212
21.3212
21.3114
21.3114
21.3016
21.3016
21.3114
21.3016
21.3114
21.3016
21.3016
21.3016
21.3016
21.3016
21.3212
21.3016
21.3212
21.3212
21.3114
21.3212
21.3212
21.331
21.331
21.3408
21.331
21.3212
21.3212
21.3114
21.3114
21.3212
21.3212
21.3212
21.3114
21.3114
21.3016
21.3016
21.3114
21.3114
21.3114
21.3212
21.3212
21.3114
21.3114
21.331
21.3212
21.331
21.3212
21.478
21.821
22.5266
22.7128
23.0754
23.1538
23.242
23.3498
23.438
23.5262
23.5948
23.7124
23.6928
23.7712
23.8006
23.879
23.9084
23.9084
23.9182
23.9476
24.0358
24.0848
24.1338
24.1436
24.1632
24.1338
24.2416
24.271
24.32
24.3396
24.3788
24.4376
24.4572
24.565
24.5944
24.5748
24.6042
24.6042
24.6532
24.6728
24.712
24.7316
24.761
24.8492
24.859
24.9962
24.9766
25.006
24.957
24.9472
24.859
24.7708
24.7218
24.6042
24.5356
24.4866
24.4572
24.4572
24.4376
24.4376
24.4082
24.3592
24.3298
24.2612
24.222
24.2122
24.1632
24.1436
24.124
24.1828
24.1534
24.1436
24.1338
24.1142
24.0946
24.0554
24.0456
24.0456
24.0848
24.1044
24.1142
24.1338
24.0554
24.0456
24.0064
23.9966
24.026
24.075
24.124
24.1338
24.1044
24.124
24.124
24.0946
24.0848
24.0554
24.0652
24.0554
24.1044
24.1044
24.1436
24.1632
24.2024
24.1534
24.1632
24.124
24.124
24.124
24.1338
24.1142
24.1044
24.1828
24.2416
24.2808
24.2808
24.2808
24.2906
24.3298
24.271
24.2416
24.271
24.3004
24.3396
24.4474
24.4572
24.4964
24.5356
24.5356
24.565
24.5846
24.614
24.6238
24.5846
24.6238
24.6238
24.6434
24.6728
24.6924
24.7218
24.7806
24.8002
24.8198
24.7806
24.7708
24.8296
24.8296
24.8982
24.9472
24.9178
24.9374
24.908
24.8786
24.9668
25.0256
25.0746
25.0256
25.0256
25.0158
25.0256
25.0354
25.0452
25.0452
25.0452
25.0452
25.0354
25.0256
25.0844
25.0452
25.1824
25.2118
25.2608
25.2412
25.3294
25.3784
25.349
25.4274
25.4568
25.4568
25.4274
25.4666
25.5156
25.4862
25.4568
25.4666
25.4176
25.4176
25.3882
25.3686
25.4372
25.5646
25.6038
25.6724
25.6136
25.4666
25.4764
25.447
25.3784
25.3294
25.2706
25.1824
25.1824
25.1824
25.2216
25.2216
25.1824
25.251
25.2118
25.0942
24.9472
25.0746
25.2804
25.3392
25.2314
25.1726
25.2216
25.2216
25.153
25.1628
25.1726
25.1824
25.202
25.251
25.3
25.3098
25.2608
25.3098
25.2902
25.2804
25.2804
25.4372
25.5646
25.6234
25.6528
25.6038
25.545
25.5352
25.5744
25.496
25.5352
25.4666
25.5352
25.594
25.6724
25.8194
25.8488
25.8978
25.9468
25.9762
25.937
25.9566
26.0546
26.1428
26.1526
26.1232
26.1134
26.1526
26.1918
26.28
26.2898
26.3192
26.3192
26.3878
26.3388
26.2898
26.2702
26.2996
26.2996
26.2996
26.3584
26.2996
26.3486
26.476
26.6622
26.6916
26.672
26.6132
26.6622
26.6132
26.819
26.7112
26.6524
26.6622
26.6328
26.4956
26.5838
26.4662
26.4662
26.4564
26.4858
26.4172
26.4074
26.3192
26.1624
26.4172
26.5544
26.5838
26.5936
26.574
26.672
26.5642
26.2604
26.3486
26.476
26.4858
26.3584
26.3388
26.28
26.3192
26.4172
26.084
26.0154
26.1232
25.8194
25.5156
25.3588
24.6924
24.4768
24.2514
24.1828
23.5164
23.3596
23.2812
23.2322
22.8402
22.8598
22.8304
22.7814
22.7324
22.6834
22.5756
22.5168
22.4678
22.4776
22.4776
22.4874
22.4776
22.4188
22.3992
22.3796
22.3306
22.36
22.3404
22.311
22.2914
22.3404
22.3012
22.2718
22.3012
22.3796
22.3796
22.3502
22.3208
22.3306
22.3404
22.3208
22.3306
22.3306
22.36
22.3796
22.3698
22.3404
22.3012
22.3404
22.3404
22.36
22.36
22.3698
22.3502
22.3992
22.3992
22.409
22.3992
22.36
22.36
22.3404
22.3404
22.2718
22.2424
22.2718
22.2228
22.2228
22.2228
22.2522
22.3012
22.311
22.3012
22.2522
22.2816
22.2914
22.3404
22.3698
22.36
22.3796
22.3894
22.409
22.3796
22.409
22.4482
22.458
22.458
22.4286
22.4384
22.4188
22.4286
22.409
22.4188
22.3992
22.3796
22.36
22.3404
22.262
22.262
22.262
22.2816
22.3208
22.36
22.3404
22.458
22.5756
22.5266
22.4776
22.4776
22.458
22.5168
22.458
22.3992
22.3796
22.3796
22.4188
22.4188
22.4384
22.4286
22.458
22.5168
22.4972
22.409
22.4678
22.458
22.409
22.4776
22.556
22.654
22.703
22.703
22.7324
22.7814
22.8206
22.7716
22.7324
22.7128
22.6932
22.7422
22.7422
22.7422
22.703
22.654
22.6344
22.6344
22.6638
22.6638
22.6638
22.5952
22.507
22.5364
22.5364
22.5952
22.6344
22.5364
22.5658
22.6344
22.6148
22.6246
22.6344
22.6932
22.605
22.5756
22.5168
22.4972
22.507
22.5266
22.5854
22.6344
22.654
22.6246
22.6736
22.6736
22.6736
22.6638
22.556
22.556
22.507
22.4972
22.5168
22.5462
22.6148
22.5952
22.556
22.5756
22.605
22.5952
22.6638
22.7422
22.7422
22.752
22.7618
22.752
22.7716
22.5364
22.5658
22.5854
22.5756
22.5854
22.5756
22.6442
22.6638
22.5462
22.6736
22.6246
22.7226
22.752
22.752
22.7814
22.801
22.7128
22.6736
22.6148
22.654
22.7128
22.6932
22.4972
22.4776
22.458
22.5364
22.6246
22.6736
22.6344
22.556
22.6148
22.6344
22.6148
22.654
22.5756
22.6638
22.703
22.6932
22.5364
22.6148
22.5952
22.5364
22.507
22.5756
22.6834
22.6932
22.7128
22.7814
22.7716
22.7324
22.7128
22.7128
22.7324
22.7226
22.6932
22.6442
22.6638
22.7324
22.703
22.7324
22.7912
22.7912
22.7618
22.7226
22.7128
22.6638
22.7128
22.7128
22.7128
22.7716
22.7716
22.752
22.8892
22.8304
22.7226
22.654
22.6148
22.5462
22.5952
22.5266
22.4972
22.4286
22.4678
22.4384
22.4188
22.3796
22.4384
22.4384
22.4384
22.4188
22.4188
22.3796
22.3894
22.409
22.4188
22.4678
22.4482
22.4384
22.458
22.4678
22.4972
22.5266
22.4776
22.4874
22.4482
22.5266
22.5756
22.5952
22.5952
22.507
22.4972
22.4776
22.4874
22.5266
22.4972
22.5756
22.5952
22.6148
22.6246
22.5364
22.5952
22.5952
22.556
22.556
22.5952
22.5952
22.5854
22.5364
22.4286
22.409
22.3208
22.2816
22.3012
22.3404
22.3698
22.4188
22.4188
22.4972
22.5462
22.5364
22.4972
22.5266
22.556
22.5658
22.5854
22.5462
22.507
22.3796
22.3796
22.4188
22.3992
22.3698
22.3796
22.3404
22.4286
22.4384
22.4776
22.4384
22.458
22.4482
22.458
22.4188
22.4188
22.458
22.4188
22.4384
22.3796
22.3012
22.2424
22.262
22.3208
22.3404
22.3698
22.3796
22.3012
22.3012
22.3208
22.3208
22.36
22.3404
22.409
22.4678
22.4874
22.4776
